group	x	y	clickSelects
799	-44.75	48.25	11
799	-44.75	48.75	11
799	-44.25	48.75	11
799	-44.25	47.25	11
799	-44.75	47.25	11
799	-44.75	48.25	11
810	-43.75	48.75	11
810	-43.75	48.25	11
810	-43.25	47.75	11
810	-43.25	47.25	11
810	-43.75	46.75	11
810	-43.75	46.25	11
810	-42.25	46.25	11
810	-42.25	48.75	11
810	-43.75	48.75	11
821	-41.75	48.75	11
821	-41.75	48.25	11
821	-41.25	48.25	11
821	-41.25	48.75	11
821	-41.75	48.75	11
832	-44.75	44.25	11
832	-44.75	44.75	11
832	-44.25	44.75	11
832	-43.25	43.75	11
832	-43.25	42.75	11
832	-42.25	41.75	11
832	-41.75	41.75	11
832	-41.75	42.25	11
832	-42.25	42.75	11
832	-42.25	43.25	11
832	-41.75	43.25	11
832	-40.75	42.25	11
832	-40.75	40.75	11
832	-41.75	39.75	11
832	-42.25	39.75	11
832	-42.25	40.75	11
832	-42.75	40.75	11
832	-43.25	40.25	11
832	-43.25	39.25	11
832	-44.25	38.25	11
832	-44.75	38.25	11
832	-44.75	39.75	11
832	-44.25	40.25	11
832	-44.25	40.75	11
832	-44.75	41.25	11
832	-44.75	44.25	11
838	-40.75	47.25	11
838	-40.75	47.75	11
838	-40.25	48.25	11
838	-39.25	48.25	11
838	-38.75	48.75	11
838	-37.25	48.75	11
838	-37.25	47.75	11
838	-36.75	47.75	11
838	-36.75	48.75	11
838	-33.25	48.75	11
838	-33.25	48.25	11
838	-33.75	47.75	11
838	-33.75	47.25	11
838	-32.75	47.25	11
838	-32.75	46.25	11
838	-31.75	46.25	11
838	-31.75	45.75	11
838	-32.25	45.25	11
838	-32.75	45.25	11
838	-33.25	45.75	11
838	-33.75	45.75	11
838	-34.25	45.25	11
838	-34.25	44.75	11
838	-33.75	44.25	11
838	-33.75	43.75	11
838	-34.25	43.75	11
838	-34.75	44.25	11
838	-35.25	44.25	11
838	-36.25	43.25	11
838	-36.75	43.25	11
838	-37.25	43.75	11
838	-37.25	44.25	11
838	-36.75	44.75	11
838	-36.75	45.25	11
838	-37.25	45.75	11
838	-38.75	45.75	11
838	-39.25	45.25	11
838	-39.75	45.25	11
838	-39.75	47.25	11
838	-40.75	47.25	11
839	-31.75	47.25	11
839	-31.75	47.75	11
839	-31.25	48.25	11
839	-30.75	48.25	11
839	-30.75	47.75	11
839	-31.25	47.25	11
839	-31.75	47.25	11
840	-30.25	48.25	11
840	-30.25	47.75	11
840	-29.75	47.25	11
840	-28.75	47.25	11
840	-28.75	46.75	11
840	-29.25	46.25	11
840	-29.25	44.25	11
840	-30.25	43.25	11
840	-31.75	43.25	11
840	-32.25	43.75	11
840	-32.75	43.75	11
840	-33.25	43.25	11
840	-33.25	42.75	11
840	-32.75	42.25	11
840	-31.75	42.25	11
840	-31.75	41.75	11
840	-33.25	40.25	11
840	-34.25	40.25	11
840	-34.25	39.75	11
840	-33.75	39.25	11
840	-32.25	39.25	11
840	-31.75	39.75	11
840	-31.25	39.75	11
840	-30.25	38.75	11
840	-28.75	38.75	11
840	-28.25	39.25	11
840	-28.25	39.75	11
840	-30.25	39.75	11
840	-31.25	40.75	11
840	-31.25	41.25	11
840	-30.25	41.25	11
840	-28.25	43.25	11
840	-24.25	43.25	11
840	-23.25	44.25	11
840	-22.75	44.25	11
840	-22.75	42.75	11
840	-23.25	42.25	11
840	-23.25	41.75	11
840	-22.75	41.25	11
840	-22.75	40.25	11
840	-21.25	38.75	11
840	-20.25	38.75	11
840	-19.25	37.75	11
840	-19.25	36.75	11
840	-17.75	36.75	11
840	-17.25	37.25	11
840	-16.75	37.25	11
840	-16.75	36.75	11
840	-17.25	36.25	11
840	-17.25	34.75	11
840	-16.75	34.25	11
840	-16.75	33.25	11
840	-16.25	33.25	11
840	-16.25	35.25	11
840	-15.75	35.25	11
840	-15.75	34.25	11
840	-15.25	33.75	11
840	-14.75	33.75	11
840	-14.25	34.25	11
840	-14.25	35.25	11
840	-12.75	35.25	11
840	-12.75	34.25	11
840	-11.75	34.25	11
840	-11.75	33.25	11
840	-11.25	33.25	11
840	-10.75	33.75	11
840	-9.75	33.75	11
840	-9.75	34.75	11
840	-9.25	35.25	11
840	-9.25	35.75	11
840	-9.75	35.75	11
840	-10.25	35.25	11
840	-10.75	35.25	11
840	-10.75	35.75	11
840	-10.25	36.25	11
840	-10.25	36.75	11
840	-11.25	37.75	11
840	-11.25	38.25	11
840	-10.75	38.25	11
840	-9.75	37.25	11
840	-9.25	37.25	11
840	-9.25	37.75	11
840	-10.25	38.75	11
840	-10.25	39.25	11
840	-9.75	39.75	11
840	-9.75	40.25	11
840	-10.25	40.75	11
840	-11.25	40.75	11
840	-11.75	41.25	11
840	-12.75	41.25	11
840	-13.25	41.75	11
840	-15.25	41.75	11
840	-15.75	42.25	11
840	-15.75	42.75	11
840	-15.25	43.25	11
840	-15.25	43.75	11
840	-17.25	43.75	11
840	-17.75	44.25	11
840	-17.75	44.75	11
840	-16.75	44.75	11
840	-16.75	46.25	11
840	-17.25	46.25	11
840	-17.75	45.75	11
840	-18.25	45.75	11
840	-18.25	46.75	11
840	-18.75	46.75	11
840	-19.25	46.25	11
840	-19.25	44.25	11
840	-20.25	44.25	11
840	-20.25	43.25	11
840	-21.75	43.25	11
840	-21.75	43.75	11
840	-20.75	44.75	11
840	-20.75	45.25	11
840	-21.25	45.75	11
840	-22.25	45.75	11
840	-22.25	47.25	11
840	-21.25	47.25	11
840	-20.25	48.25	11
840	-20.25	48.75	11
840	-22.75	48.75	11
840	-22.75	47.75	11
840	-23.25	47.75	11
840	-23.75	48.25	11
840	-24.75	48.25	11
840	-25.25	48.75	11
840	-29.75	48.75	11
840	-30.25	48.25	11
841	-24.25	45.75	11
841	-24.25	46.25	11
841	-23.75	46.25	11
841	-23.75	45.75	11
841	-24.25	45.75	11
842	-19.75	47.25	11
842	-19.75	47.75	11
842	-18.75	48.75	11
842	-18.25	48.75	11
842	-17.75	48.25	11
842	-17.75	47.75	11
842	-18.75	47.75	11
842	-19.25	47.25	11
842	-19.75	47.25	11
800	-15.75	47.25	11
800	-15.75	47.75	11
800	-14.75	48.75	11
800	-14.25	48.75	11
800	-14.25	48.25	11
800	-15.25	47.25	11
800	-15.75	47.25	11
801	-13.75	48.75	11
801	-13.75	47.25	11
801	-13.25	46.75	11
801	-13.25	45.75	11
801	-12.75	45.25	11
801	-12.75	43.25	11
801	-11.75	43.25	11
801	-11.75	42.25	11
801	-10.25	42.25	11
801	-10.25	42.75	11
801	-11.25	43.75	11
801	-11.25	44.75	11
801	-11.75	45.25	11
801	-11.75	45.75	11
801	-11.25	46.25	11
801	-11.25	47.75	11
801	-12.25	47.75	11
801	-13.25	48.75	11
801	-13.75	48.75	11
802	-8.75	48.25	11
802	-8.75	48.75	11
802	-5.25	48.75	11
802	-4.75	48.25	11
802	-4.75	47.75	11
802	-5.25	47.25	11
802	-6.25	47.25	11
802	-6.75	46.75	11
802	-7.25	46.75	11
802	-8.75	48.25	11
803	-16.75	38.25	11
803	-16.75	38.75	11
803	-16.25	38.75	11
803	-16.25	38.25	11
803	-16.75	38.25	11
804	-7.75	43.25	11
804	-7.75	43.75	11
804	-6.75	44.75	11
804	-6.25	44.75	11
804	-5.75	44.25	11
804	-5.25	44.25	11
804	-5.25	44.75	11
804	-5.75	45.25	11
804	-5.75	45.75	11
804	-4.25	47.25	11
804	-3.75	47.25	11
804	-3.25	46.75	11
804	-2.75	46.75	11
804	-2.75	48.75	11
804	3.75	48.75	11
804	4.75	47.75	11
804	4.75	32.25	11
804	4.25	31.75	11
804	3.75	31.75	11
804	3.75	33.75	11
804	3.25	34.25	11
804	2.75	34.25	11
804	2.25	33.75	11
804	2.25	32.75	11
804	0.25	32.75	11
804	0.25	31.75	11
804	-0.25	31.75	11
804	-1.25	32.75	11
804	-2.25	32.75	11
804	-2.25	33.75	11
804	-2.75	34.25	11
804	-3.25	34.25	11
804	-3.75	33.75	11
804	-4.25	33.75	11
804	-4.25	34.75	11
804	-4.75	35.25	11
804	-4.75	36.25	11
804	-5.25	36.75	11
804	-5.75	36.75	11
804	-6.75	35.75	11
804	-7.25	35.75	11
804	-8.75	37.25	11
804	-8.75	37.75	11
804	-8.25	37.75	11
804	-7.25	36.75	11
804	-6.75	36.75	11
804	-6.25	37.25	11
804	-6.25	37.75	11
804	-7.25	38.75	11
804	-7.25	39.25	11
804	-6.75	39.75	11
804	-6.25	39.75	11
804	-6.25	38.75	11
804	-3.75	38.75	11
804	-3.25	39.25	11
804	-3.25	40.25	11
804	-2.75	40.75	11
804	-2.25	40.75	11
804	-1.25	39.75	11
804	-0.75	39.75	11
804	-0.25	40.25	11
804	-0.25	40.75	11
804	-1.25	40.75	11
804	-1.25	41.75	11
804	-3.25	41.75	11
804	-3.25	42.25	11
804	-2.75	42.75	11
804	-2.75	43.25	11
804	-3.75	44.25	11
804	-4.25	44.25	11
804	-4.25	41.75	11
804	-3.75	41.25	11
804	-3.75	40.75	11
804	-4.75	39.75	11
804	-5.25	39.75	11
804	-5.25	40.25	11
804	-4.75	40.75	11
804	-4.75	42.25	11
804	-5.25	42.25	11
804	-5.25	41.25	11
804	-5.75	41.25	11
804	-6.25	41.75	11
804	-6.25	42.75	11
804	-7.25	42.75	11
804	-7.75	43.25	11
805	0.75	43.75	11
805	0.75	44.25	11
805	1.25	44.25	11
805	1.25	43.75	11
805	0.75	43.75	11
806	1.25	41.25	11
806	1.25	41.75	11
806	1.75	41.75	11
806	1.75	41.25	11
806	1.25	41.25	11
807	0.75	26.75	11
807	0.75	27.25	11
807	1.25	27.25	11
807	2.25	26.25	11
807	4.25	26.25	11
807	4.25	25.75	11
807	3.75	25.25	11
807	3.75	24.75	11
807	4.75	24.75	11
807	4.75	15.25	11
807	4.25	14.75	11
807	4.25	13.75	11
807	3.75	13.75	11
807	3.25	14.25	11
807	0.75	14.25	11
807	0.25	13.75	11
807	-0.75	13.75	11
807	-0.75	11.75	11
807	-1.75	11.75	11
807	-1.75	10.75	11
807	-2.25	10.25	11
807	-2.25	9.25	11
807	-3.75	7.75	11
807	-4.25	7.75	11
807	-4.25	8.25	11
807	-3.75	8.75	11
807	-3.75	9.25	11
807	-4.75	9.25	11
807	-4.75	12.25	11
807	-5.25	12.75	11
807	-5.25	13.25	11
807	-4.75	13.75	11
807	-3.75	13.75	11
807	-3.75	14.25	11
807	-4.25	14.75	11
807	-4.25	15.25	11
807	-2.75	16.75	11
807	-2.75	17.25	11
807	-3.75	17.25	11
807	-4.25	17.75	11
807	-4.25	18.25	11
807	-2.75	18.25	11
807	-2.25	17.75	11
807	-1.75	17.75	11
807	-1.25	18.25	11
807	-0.75	18.25	11
807	-0.75	17.75	11
807	-1.25	17.25	11
807	-1.25	16.75	11
807	-0.75	16.25	11
807	-0.25	16.25	11
807	-0.25	17.25	11
807	0.25	17.75	11
807	0.75	17.75	11
807	1.25	17.25	11
807	1.75	17.25	11
807	1.75	17.75	11
807	0.75	18.75	11
807	0.75	20.25	11
807	1.75	20.25	11
807	1.75	20.75	11
807	1.25	21.25	11
807	1.25	22.25	11
807	-0.25	22.25	11
807	-0.25	21.25	11
807	-1.25	21.25	11
807	-1.25	20.75	11
807	-0.75	20.25	11
807	-0.75	19.75	11
807	-1.25	19.25	11
807	-1.75	19.25	11
807	-2.25	19.75	11
807	-3.25	19.75	11
807	-3.25	20.75	11
807	-3.75	21.25	11
807	-3.75	21.75	11
807	-3.25	21.75	11
807	-2.75	21.25	11
807	-2.25	21.25	11
807	-2.25	22.25	11
807	-1.25	22.25	11
807	0.25	23.75	11
807	1.25	23.75	11
807	1.75	24.25	11
807	2.75	24.25	11
807	2.75	24.75	11
807	2.25	25.25	11
807	1.25	25.25	11
807	1.25	26.25	11
807	0.75	26.75	11
808	-7.25	10.75	11
808	-7.25	11.25	11
808	-6.75	11.75	11
808	-6.25	11.75	11
808	-5.25	10.75	11
808	-5.25	10.25	11
808	-5.75	10.25	11
808	-6.25	10.75	11
808	-7.25	10.75	11
809	-3.75	11.25	11
809	-3.75	11.75	11
809	-3.25	11.75	11
809	-3.25	11.25	11
809	-3.75	11.25	11
811	-3.25	9.75	11
811	-3.25	10.25	11
811	-2.75	10.25	11
811	-2.75	9.75	11
811	-3.25	9.75	11
812	-9.25	1.75	11
812	-9.25	2.25	11
812	-8.25	2.25	11
812	-7.25	3.25	11
812	-6.75	3.25	11
812	-6.25	2.75	11
812	-6.25	2.25	11
812	-7.25	2.25	11
812	-7.25	0.75	11
812	-6.75	0.75	11
812	-5.75	1.75	11
812	-5.25	1.75	11
812	-5.25	0.75	11
812	-3.75	0.75	11
812	-3.75	1.25	11
812	-4.75	2.25	11
812	-4.75	3.25	11
812	-5.75	3.25	11
812	-6.25	3.75	11
812	-6.25	4.25	11
812	-4.25	4.25	11
812	-3.25	5.25	11
812	-2.25	5.25	11
812	-1.75	5.75	11
812	-1.75	7.25	11
812	-2.25	7.75	11
812	-2.25	8.25	11
812	-1.25	9.25	11
812	-0.75	9.25	11
812	-0.75	8.75	11
812	-1.25	8.25	11
812	-1.25	7.75	11
812	-0.75	7.25	11
812	-0.25	7.25	11
812	0.25	7.75	11
812	0.75	7.75	11
812	1.25	7.25	11
812	1.75	7.25	11
812	3.25	8.75	11
812	3.75	8.75	11
812	4.75	7.75	11
812	4.75	7.25	11
812	4.25	6.75	11
812	3.25	6.75	11
812	3.25	6.25	11
812	4.25	5.25	11
812	4.25	4.75	11
812	3.25	4.75	11
812	3.25	3.75	11
812	2.75	3.75	11
812	2.25	4.25	11
812	1.75	4.25	11
812	1.75	3.75	11
812	2.25	3.25	11
812	2.25	2.75	11
812	1.75	2.25	11
812	1.25	2.25	11
812	1.25	3.25	11
812	0.25	4.25	11
812	-0.25	4.25	11
812	-0.75	3.75	11
812	-1.75	3.75	11
812	-1.75	3.25	11
812	-0.75	2.25	11
812	-0.75	1.75	11
812	-1.25	1.25	11
812	-1.25	0.25	11
812	-2.25	-0.75	11
812	-6.75	-0.75	11
812	-9.25	1.75	11
813	-0.25	10.75	11
813	-0.25	11.25	11
813	0.25	11.25	11
813	0.25	10.75	11
813	-0.25	10.75	11
814	3.75	10.75	11
814	3.75	11.25	11
814	4.25	11.25	11
814	4.75	10.75	11
814	4.75	10.25	11
814	4.25	10.25	11
814	3.75	10.75	11
815	-2.75	1.25	11
815	-2.75	1.75	11
815	-2.25	1.75	11
815	-2.25	1.25	11
815	-2.75	1.25	11
816	-0.25	0.75	11
816	-0.25	1.25	11
816	0.25	1.75	11
816	0.75	1.75	11
816	0.75	0.75	11
816	1.75	0.75	11
816	1.75	-0.75	11
816	-0.75	-0.75	11
816	-0.75	-0.25	11
816	-0.25	0.25	11
816	-0.25	0.75	11
817	2.25	-0.25	11
817	2.25	-0.75	11
817	2.75	-0.75	11
817	2.75	-0.25	11
817	2.25	-0.25	11
10827	-44.25	47.75	2937
10827	-44.25	48.25	2937
10827	-43.75	48.25	2937
10827	-43.25	47.75	2937
10827	-43.25	47.25	2937
10827	-43.75	46.75	2937
10827	-43.75	46.25	2937
10827	-42.25	46.25	2937
10827	-42.25	48.25	2937
10827	-41.25	48.25	2937
10827	-40.75	48.75	2937
10827	-40.25	48.75	2937
10827	-40.25	48.25	2937
10827	-40.75	47.75	2937
10827	-40.75	47.25	2937
10827	-39.75	47.25	2937
10827	-39.75	45.25	2937
10827	-38.25	45.25	2937
10827	-37.75	45.75	2937
10827	-37.25	45.75	2937
10827	-36.75	45.25	2937
10827	-36.75	44.75	2937
10827	-37.25	44.25	2937
10827	-37.25	43.75	2937
10827	-36.75	43.25	2937
10827	-36.25	43.25	2937
10827	-35.25	44.25	2937
10827	-34.75	44.25	2937
10827	-34.25	43.75	2937
10827	-33.75	43.75	2937
10827	-33.75	44.25	2937
10827	-34.25	44.75	2937
10827	-34.25	45.25	2937
10827	-33.75	45.75	2937
10827	-33.25	45.75	2937
10827	-32.75	45.25	2937
10827	-32.25	45.25	2937
10827	-31.75	45.75	2937
10827	-31.75	46.25	2937
10827	-32.75	46.25	2937
10827	-32.75	47.25	2937
10827	-33.75	47.25	2937
10827	-33.75	47.75	2937
10827	-32.75	48.75	2937
10827	-31.25	48.75	2937
10827	-31.25	48.25	2937
10827	-31.75	47.75	2937
10827	-31.75	47.25	2937
10827	-31.25	46.75	2937
10827	-30.75	46.75	2937
10827	-30.75	47.75	2937
10827	-30.25	47.75	2937
10827	-29.75	47.25	2937
10827	-28.75	47.25	2937
10827	-28.75	46.75	2937
10827	-29.25	46.25	2937
10827	-29.25	44.25	2937
10827	-30.25	43.25	2937
10827	-31.75	43.25	2937
10827	-32.25	43.75	2937
10827	-32.75	43.75	2937
10827	-33.25	43.25	2937
10827	-33.25	42.75	2937
10827	-32.75	42.25	2937
10827	-31.75	42.25	2937
10827	-31.75	41.75	2937
10827	-33.25	40.25	2937
10827	-34.25	40.25	2937
10827	-34.25	39.75	2937
10827	-33.75	39.25	2937
10827	-33.75	38.75	2937
10827	-34.25	38.75	2937
10827	-35.75	40.25	2937
10827	-37.75	40.25	2937
10827	-37.75	41.25	2937
10827	-39.25	41.25	2937
10827	-39.75	40.75	2937
10827	-39.75	40.25	2937
10827	-38.75	40.25	2937
10827	-38.25	39.75	2937
10827	-38.25	38.75	2937
10827	-37.25	38.75	2937
10827	-36.75	38.25	2937
10827	-36.75	37.75	2937
10827	-37.75	37.75	2937
10827	-37.75	37.25	2937
10827	-37.25	36.75	2937
10827	-37.25	36.25	2937
10827	-37.75	35.75	2937
10827	-38.25	35.75	2937
10827	-38.75	36.25	2937
10827	-38.75	38.25	2937
10827	-40.25	38.25	2937
10827	-40.25	37.25	2937
10827	-41.25	37.25	2937
10827	-41.25	35.25	2937
10827	-42.25	35.25	2937
10827	-42.75	34.75	2937
10827	-42.75	32.75	2937
10827	-43.25	32.75	2937
10827	-43.75	33.25	2937
10827	-44.75	33.25	2937
10827	-44.75	37.75	2937
10827	-43.25	39.25	2937
10827	-43.25	40.25	2937
10827	-42.75	40.75	2937
10827	-42.25	40.75	2937
10827	-42.25	39.75	2937
10827	-41.75	39.75	2937
10827	-40.75	40.75	2937
10827	-40.75	42.25	2937
10827	-41.75	43.25	2937
10827	-42.25	43.25	2937
10827	-42.25	42.75	2937
10827	-41.75	42.25	2937
10827	-41.75	41.75	2937
10827	-42.25	41.75	2937
10827	-43.25	42.75	2937
10827	-43.25	43.75	2937
10827	-44.75	45.25	2937
10827	-44.75	46.75	2937
10827	-44.25	47.25	2937
10827	-44.25	47.75	2937
10828	-39.75	48.75	2937
10828	-39.75	48.25	2937
10828	-39.25	48.25	2937
10828	-39.25	48.75	2937
10828	-39.75	48.75	2937
10829	-44.75	40.25	2937
10829	-44.75	40.75	2937
10829	-44.25	40.75	2937
10829	-44.25	40.25	2937
10829	-44.75	40.25	2937
10830	-38.75	43.25	2937
10830	-38.75	43.75	2937
10830	-38.25	43.75	2937
10830	-38.25	43.25	2937
10830	-38.75	43.25	2937
14442	-39.75	40.25	482
14442	-39.75	40.75	482
14442	-39.25	41.25	482
14442	-37.75	41.25	482
14442	-37.75	40.25	482
14442	-35.75	40.25	482
14442	-34.25	38.75	482
14442	-33.75	38.75	482
14442	-33.25	39.25	482
14442	-32.25	39.25	482
14442	-31.75	39.75	482
14442	-31.25	39.75	482
14442	-30.25	38.75	482
14442	-28.75	38.75	482
14442	-28.25	39.25	482
14442	-28.25	39.75	482
14442	-30.25	39.75	482
14442	-31.25	40.75	482
14442	-31.25	41.25	482
14442	-30.25	41.25	482
14442	-28.25	43.25	482
14442	-24.25	43.25	482
14442	-23.25	44.25	482
14442	-22.75	44.25	482
14442	-22.75	42.75	482
14442	-23.25	42.25	482
14442	-23.25	41.75	482
14442	-22.75	41.25	482
14442	-22.75	40.25	482
14442	-21.25	38.75	482
14442	-20.25	38.75	482
14442	-19.25	37.75	482
14442	-19.25	36.75	482
14442	-17.75	36.75	482
14442	-17.25	37.25	482
14442	-16.75	37.25	482
14442	-16.75	36.75	482
14442	-17.25	36.25	482
14442	-17.25	34.75	482
14442	-16.75	34.25	482
14442	-16.75	33.25	482
14442	-16.25	33.25	482
14442	-15.75	33.75	482
14442	-14.75	33.75	482
14442	-14.25	34.25	482
14442	-14.25	35.25	482
14442	-12.75	35.25	482
14442	-12.75	34.25	482
14442	-11.75	34.25	482
14442	-11.75	33.25	482
14442	-11.25	33.25	482
14442	-10.75	33.75	482
14442	-9.75	33.75	482
14442	-9.75	34.75	482
14442	-9.25	35.25	482
14442	-9.25	35.75	482
14442	-9.75	35.75	482
14442	-10.25	35.25	482
14442	-10.75	35.25	482
14442	-10.75	35.75	482
14442	-10.25	36.25	482
14442	-10.25	36.75	482
14442	-11.25	37.75	482
14442	-11.25	38.25	482
14442	-10.75	38.25	482
14442	-9.75	37.25	482
14442	-8.75	37.25	482
14442	-7.25	35.75	482
14442	-6.75	35.75	482
14442	-5.75	36.75	482
14442	-5.25	36.75	482
14442	-4.75	36.25	482
14442	-4.75	35.25	482
14442	-4.25	34.75	482
14442	-4.25	32.75	482
14442	-3.75	32.75	482
14442	-3.75	33.75	482
14442	-3.25	34.25	482
14442	-2.75	34.25	482
14442	-2.25	33.75	482
14442	-2.25	32.75	482
14442	-1.25	32.75	482
14442	-0.25	31.75	482
14442	0.25	31.75	482
14442	0.25	32.75	482
14442	0.75	32.75	482
14442	1.25	32.25	482
14442	1.75	32.25	482
14442	2.25	32.75	482
14442	2.25	33.75	482
14442	2.75	34.25	482
14442	3.25	34.25	482
14442	3.75	33.75	482
14442	3.75	32.25	482
14442	2.75	32.25	482
14442	2.25	31.75	482
14442	2.25	31.25	482
14442	3.25	31.25	482
14442	3.25	30.25	482
14442	3.75	30.25	482
14442	3.75	31.25	482
14442	4.25	31.75	482
14442	4.75	31.75	482
14442	4.75	25.25	482
14442	4.25	24.75	482
14442	3.75	24.75	482
14442	3.75	25.25	482
14442	4.25	25.75	482
14442	4.25	26.25	482
14442	2.25	26.25	482
14442	1.25	27.25	482
14442	0.75	27.25	482
14442	0.75	26.75	482
14442	1.25	26.25	482
14442	1.25	25.25	482
14442	2.25	25.25	482
14442	2.75	24.75	482
14442	2.75	24.25	482
14442	1.75	24.25	482
14442	1.25	23.75	482
14442	-0.25	23.75	482
14442	-0.25	24.75	482
14442	-1.75	24.75	482
14442	-2.25	24.25	482
14442	-3.25	24.25	482
14442	-3.75	23.75	482
14442	-3.75	22.75	482
14442	-5.25	22.75	482
14442	-5.75	23.25	482
14442	-5.75	25.25	482
14442	-6.25	25.25	482
14442	-6.25	24.25	482
14442	-7.75	24.25	482
14442	-8.25	24.75	482
14442	-8.25	25.75	482
14442	-8.75	26.25	482
14442	-8.75	26.75	482
14442	-8.25	27.25	482
14442	-8.25	27.75	482
14442	-9.75	29.25	482
14442	-9.75	29.75	482
14442	-8.75	30.75	482
14442	-8.75	31.25	482
14442	-9.25	31.75	482
14442	-10.25	31.75	482
14442	-10.75	32.25	482
14442	-11.25	32.25	482
14442	-11.25	31.75	482
14442	-10.75	31.25	482
14442	-10.75	30.75	482
14442	-11.25	30.75	482
14442	-12.25	31.75	482
14442	-12.75	31.75	482
14442	-12.75	31.25	482
14442	-11.75	30.25	482
14442	-11.75	29.75	482
14442	-12.75	29.75	482
14442	-12.75	28.25	482
14442	-12.25	28.25	482
14442	-11.75	28.75	482
14442	-11.25	28.75	482
14442	-10.75	28.25	482
14442	-9.75	28.25	482
14442	-9.25	27.75	482
14442	-9.25	27.25	482
14442	-9.75	26.75	482
14442	-9.75	25.75	482
14442	-10.25	25.25	482
14442	-10.75	25.25	482
14442	-11.25	25.75	482
14442	-11.75	25.75	482
14442	-11.75	25.25	482
14442	-10.75	24.25	482
14442	-10.25	24.25	482
14442	-9.75	24.75	482
14442	-9.25	24.75	482
14442	-7.75	23.25	482
14442	-7.75	22.25	482
14442	-7.25	22.25	482
14442	-6.75	22.75	482
14442	-6.25	22.75	482
14442	-6.25	22.25	482
14442	-6.75	21.75	482
14442	-6.75	21.25	482
14442	-5.75	21.25	482
14442	-5.75	20.25	482
14442	-5.25	19.75	482
14442	-5.25	19.25	482
14442	-5.75	19.25	482
14442	-6.25	19.75	482
14442	-6.75	19.75	482
14442	-7.25	19.25	482
14442	-7.75	19.25	482
14442	-8.25	19.75	482
14442	-8.25	20.75	482
14442	-8.75	20.75	482
14442	-9.25	20.25	482
14442	-9.75	20.25	482
14442	-9.75	22.25	482
14442	-10.25	22.75	482
14442	-10.75	22.75	482
14442	-11.75	21.75	482
14442	-12.25	21.75	482
14442	-12.25	22.25	482
14442	-11.25	23.25	482
14442	-11.25	23.75	482
14442	-11.75	23.75	482
14442	-12.25	23.25	482
14442	-12.75	23.25	482
14442	-12.75	24.25	482
14442	-13.25	24.25	482
14442	-14.25	23.25	482
14442	-14.25	22.75	482
14442	-12.75	21.25	482
14442	-12.75	20.75	482
14442	-13.25	20.25	482
14442	-13.25	19.75	482
14442	-12.75	19.25	482
14442	-12.25	19.25	482
14442	-11.25	20.25	482
14442	-10.75	20.25	482
14442	-10.25	19.75	482
14442	-10.25	18.75	482
14442	-9.75	18.25	482
14442	-9.75	17.75	482
14442	-13.75	17.75	482
14442	-13.75	15.75	482
14442	-14.25	15.25	482
14442	-14.25	14.75	482
14442	-13.75	14.25	482
14442	-12.75	14.25	482
14442	-11.75	13.25	482
14442	-11.75	12.75	482
14442	-12.25	12.25	482
14442	-13.25	12.25	482
14442	-13.25	11.25	482
14442	-13.75	10.75	482
14442	-13.75	10.25	482
14442	-12.25	10.25	482
14442	-12.25	11.25	482
14442	-11.75	11.25	482
14442	-11.25	10.75	482
14442	-11.25	8.75	482
14442	-10.75	8.25	482
14442	-10.25	8.25	482
14442	-10.25	9.25	482
14442	-9.75	9.75	482
14442	-9.25	9.75	482
14442	-9.25	8.25	482
14442	-9.75	7.75	482
14442	-9.75	6.75	482
14442	-10.25	6.25	482
14442	-10.25	4.75	482
14442	-9.75	4.25	482
14442	-9.75	3.75	482
14442	-10.75	3.75	482
14442	-11.25	3.25	482
14442	-11.25	2.75	482
14442	-10.75	2.25	482
14442	-10.75	1.75	482
14442	-12.25	1.75	482
14442	-12.25	2.75	482
14442	-13.75	4.25	482
14442	-14.25	4.25	482
14442	-14.75	3.75	482
14442	-16.75	3.75	482
14442	-17.25	3.25	482
14442	-17.25	2.25	482
14442	-17.75	1.75	482
14442	-17.75	1.25	482
14442	-17.25	0.75	482
14442	-16.75	0.75	482
14442	-16.25	1.25	482
14442	-15.75	1.25	482
14442	-14.25	-0.25	482
14442	-14.25	-0.75	482
14442	-19.75	-0.75	482
14442	-20.75	0.25	482
14442	-21.25	0.25	482
14442	-21.25	-0.75	482
14442	-21.75	-0.75	482
14442	-22.25	-0.25	482
14442	-22.75	-0.25	482
14442	-23.25	-0.75	482
14442	-23.75	-0.75	482
14442	-23.75	-0.25	482
14442	-23.25	0.25	482
14442	-23.25	1.25	482
14442	-22.75	1.25	482
14442	-22.25	0.75	482
14442	-21.75	0.75	482
14442	-21.25	1.25	482
14442	-21.25	1.75	482
14442	-24.25	4.75	482
14442	-24.75	4.75	482
14442	-25.25	4.25	482
14442	-25.25	3.25	482
14442	-25.75	3.25	482
14442	-26.25	3.75	482
14442	-26.25	4.75	482
14442	-27.75	6.25	482
14442	-27.75	6.75	482
14442	-27.25	7.25	482
14442	-27.25	7.75	482
14442	-27.75	7.75	482
14442	-28.75	6.75	482
14442	-29.25	6.75	482
14442	-29.75	7.25	482
14442	-30.25	7.25	482
14442	-30.75	6.75	482
14442	-31.25	6.75	482
14442	-32.25	7.75	482
14442	-32.25	8.25	482
14442	-30.75	9.75	482
14442	-30.75	10.75	482
14442	-30.25	11.25	482
14442	-29.75	11.25	482
14442	-28.75	10.25	482
14442	-27.75	10.25	482
14442	-26.75	9.25	482
14442	-26.75	6.25	482
14442	-26.25	5.75	482
14442	-24.25	5.75	482
14442	-22.75	4.25	482
14442	-22.25	4.25	482
14442	-22.25	4.75	482
14442	-23.25	5.75	482
14442	-23.25	6.25	482
14442	-22.25	6.25	482
14442	-21.75	6.75	482
14442	-21.75	7.25	482
14442	-23.75	7.25	482
14442	-23.75	7.75	482
14442	-23.25	8.25	482
14442	-23.25	8.75	482
14442	-24.75	8.75	482
14442	-24.75	7.75	482
14442	-25.25	7.75	482
14442	-25.75	8.25	482
14442	-25.75	8.75	482
14442	-24.75	9.75	482
14442	-24.75	10.25	482
14442	-25.25	10.25	482
14442	-25.75	9.75	482
14442	-26.25	9.75	482
14442	-27.25	10.75	482
14442	-27.25	11.75	482
14442	-27.75	12.25	482
14442	-27.75	13.25	482
14442	-28.25	13.75	482
14442	-28.75	13.75	482
14442	-29.25	13.25	482
14442	-29.75	13.25	482
14442	-30.25	13.75	482
14442	-30.75	13.75	482
14442	-31.25	13.25	482
14442	-31.25	11.25	482
14442	-31.75	11.25	482
14442	-32.25	11.75	482
14442	-32.75	11.75	482
14442	-35.25	9.25	482
14442	-36.25	9.25	482
14442	-36.25	7.75	482
14442	-35.25	6.75	482
14442	-35.25	6.25	482
14442	-36.75	6.25	482
14442	-36.75	7.25	482
14442	-37.25	7.75	482
14442	-38.25	7.75	482
14442	-38.75	8.25	482
14442	-38.75	8.75	482
14442	-38.25	9.25	482
14442	-38.25	9.75	482
14442	-39.75	9.75	482
14442	-39.75	8.75	482
14442	-40.25	8.25	482
14442	-40.25	6.25	482
14442	-40.75	6.25	482
14442	-42.25	7.75	482
14442	-42.25	8.25	482
14442	-41.25	9.25	482
14442	-41.25	9.75	482
14442	-42.25	9.75	482
14442	-42.25	10.25	482
14442	-41.75	10.75	482
14442	-40.75	10.75	482
14442	-40.25	11.25	482
14442	-40.25	12.75	482
14442	-40.75	12.75	482
14442	-41.75	11.75	482
14442	-42.25	11.75	482
14442	-42.25	12.25	482
14442	-41.75	12.75	482
14442	-41.75	13.75	482
14442	-40.75	13.75	482
14442	-40.75	15.25	482
14442	-41.25	15.25	482
14442	-41.75	14.75	482
14442	-42.75	14.75	482
14442	-43.25	14.25	482
14442	-43.25	12.25	482
14442	-44.75	12.25	482
14442	-44.75	32.75	482
14442	-44.25	33.25	482
14442	-43.75	33.25	482
14442	-43.25	32.75	482
14442	-42.75	32.75	482
14442	-42.75	34.75	482
14442	-42.25	35.25	482
14442	-41.25	35.25	482
14442	-41.25	37.25	482
14442	-40.25	37.25	482
14442	-40.25	38.25	482
14442	-38.75	38.25	482
14442	-38.75	36.25	482
14442	-38.25	35.75	482
14442	-37.75	35.75	482
14442	-37.25	36.25	482
14442	-37.25	36.75	482
14442	-37.75	37.25	482
14442	-37.75	37.75	482
14442	-36.75	37.75	482
14442	-36.75	38.25	482
14442	-37.25	38.75	482
14442	-38.25	38.75	482
14442	-38.25	39.75	482
14442	-38.75	40.25	482
14442	-39.75	40.25	482
14453	-38.25	29.75	482
14453	-38.25	30.25	482
14453	-37.75	30.25	482
14453	-37.75	29.75	482
14453	-38.25	29.75	482
14464	-25.75	41.25	482
14464	-25.75	41.75	482
14464	-25.25	41.75	482
14464	-24.75	41.25	482
14464	-24.75	40.75	482
14464	-25.25	40.75	482
14464	-25.75	41.25	482
14467	-28.25	37.75	482
14467	-28.25	38.25	482
14467	-27.25	39.25	482
14467	-26.75	39.25	482
14467	-26.75	38.25	482
14467	-25.75	37.25	482
14467	-25.25	37.25	482
14467	-25.25	38.25	482
14467	-23.75	38.25	482
14467	-23.75	37.75	482
14467	-24.75	36.75	482
14467	-24.75	36.25	482
14467	-24.25	35.75	482
14467	-24.25	35.25	482
14467	-24.75	34.75	482
14467	-24.75	34.25	482
14467	-24.25	33.75	482
14467	-23.75	33.75	482
14467	-23.75	34.75	482
14467	-22.25	34.75	482
14467	-22.25	33.75	482
14467	-21.25	32.75	482
14467	-20.25	32.75	482
14467	-20.25	31.75	482
14467	-19.75	31.75	482
14467	-19.75	32.75	482
14467	-18.75	32.75	482
14467	-18.25	33.25	482
14467	-17.75	33.25	482
14467	-16.75	32.25	482
14467	-16.75	29.75	482
14467	-17.25	29.25	482
14467	-17.25	28.75	482
14467	-16.75	28.25	482
14467	-16.75	26.75	482
14467	-17.75	26.75	482
14467	-17.75	25.75	482
14467	-19.25	25.75	482
14467	-19.75	26.25	482
14467	-20.75	26.25	482
14467	-21.25	26.75	482
14467	-21.75	26.75	482
14467	-22.25	26.25	482
14467	-22.25	25.75	482
14467	-21.75	25.25	482
14467	-21.75	24.75	482
14467	-23.25	23.25	482
14467	-24.25	23.25	482
14467	-24.25	22.75	482
14467	-23.75	22.25	482
14467	-23.25	22.25	482
14467	-22.75	22.75	482
14467	-22.25	22.75	482
14467	-21.25	21.75	482
14467	-21.25	20.75	482
14467	-20.25	20.75	482
14467	-19.75	20.25	482
14467	-19.75	19.75	482
14467	-20.75	18.75	482
14467	-20.75	18.25	482
14467	-20.25	17.75	482
14467	-20.25	16.75	482
14467	-19.75	16.25	482
14467	-19.25	16.25	482
14467	-19.25	17.25	482
14467	-18.75	17.25	482
14467	-18.25	16.75	482
14467	-17.25	16.75	482
14467	-17.25	15.75	482
14467	-16.75	15.25	482
14467	-16.75	12.75	482
14467	-17.25	12.75	482
14467	-17.75	13.25	482
14467	-18.25	13.25	482
14467	-18.75	12.75	482
14467	-19.25	12.75	482
14467	-19.25	13.25	482
14467	-18.75	13.75	482
14467	-18.75	14.25	482
14467	-19.75	14.25	482
14467	-19.75	15.25	482
14467	-21.25	16.75	482
14467	-21.25	17.75	482
14467	-21.75	17.75	482
14467	-22.25	17.25	482
14467	-22.25	14.75	482
14467	-21.25	14.75	482
14467	-21.25	14.25	482
14467	-21.75	13.75	482
14467	-21.75	13.25	482
14467	-21.25	12.75	482
14467	-21.25	12.25	482
14467	-21.75	12.25	482
14467	-22.25	12.75	482
14467	-22.75	12.75	482
14467	-23.75	11.75	482
14467	-24.25	11.75	482
14467	-24.25	12.75	482
14467	-25.25	12.75	482
14467	-25.25	13.75	482
14467	-25.75	14.25	482
14467	-25.75	14.75	482
14467	-25.25	15.25	482
14467	-24.25	15.25	482
14467	-24.25	17.25	482
14467	-23.25	17.25	482
14467	-23.25	18.25	482
14467	-22.25	18.25	482
14467	-22.25	18.75	482
14467	-22.75	19.25	482
14467	-22.75	19.75	482
14467	-21.75	19.75	482
14467	-21.75	20.25	482
14467	-22.75	21.25	482
14467	-23.75	21.25	482
14467	-24.75	22.25	482
14467	-24.75	23.25	482
14467	-25.25	23.75	482
14467	-25.25	24.25	482
14467	-24.75	24.75	482
14467	-24.75	25.25	482
14467	-25.75	25.25	482
14467	-25.75	26.75	482
14467	-24.75	27.75	482
14467	-24.75	28.25	482
14467	-25.75	28.25	482
14467	-25.75	29.25	482
14467	-26.25	29.25	482
14467	-26.25	28.25	482
14467	-26.75	28.25	482
14467	-27.25	28.75	482
14467	-27.25	29.75	482
14467	-27.75	30.25	482
14467	-27.75	31.25	482
14467	-28.25	31.75	482
14467	-28.25	32.25	482
14467	-27.75	32.75	482
14467	-27.75	33.25	482
14467	-28.25	33.75	482
14467	-28.25	34.75	482
14467	-28.75	35.25	482
14467	-28.75	36.75	482
14467	-28.25	37.25	482
14467	-28.25	37.75	482
14468	-38.75	25.25	482
14468	-38.75	25.75	482
14468	-38.25	25.75	482
14468	-38.25	25.25	482
14468	-38.75	25.25	482
14469	-37.25	24.75	482
14469	-37.25	25.25	482
14469	-36.75	25.25	482
14469	-36.75	24.75	482
14469	-37.25	24.75	482
14470	-22.75	38.25	482
14470	-22.75	38.75	482
14470	-22.25	38.75	482
14470	-22.25	38.25	482
14470	-22.75	38.25	482
14471	-22.25	36.75	482
14471	-22.25	37.25	482
14471	-21.75	37.25	482
14471	-21.75	36.75	482
14471	-22.25	36.75	482
14472	-21.25	37.25	482
14472	-21.25	36.75	482
14472	-20.75	36.75	482
14472	-20.75	37.25	482
14472	-21.25	37.25	482
14443	-43.75	7.25	482
14443	-43.75	7.75	482
14443	-43.25	7.75	482
14443	-41.75	6.25	482
14443	-41.75	5.75	482
14443	-43.25	5.75	482
14443	-43.25	6.75	482
14443	-43.75	7.25	482
14444	-36.25	14.75	482
14444	-36.25	15.25	482
14444	-35.75	15.25	482
14444	-35.75	14.75	482
14444	-36.25	14.75	482
14445	-38.25	11.75	482
14445	-38.25	12.25	482
14445	-37.75	12.25	482
14445	-37.75	11.75	482
14445	-38.25	11.75	482
14446	-44.75	2.25	482
14446	-44.75	2.75	482
14446	-44.25	3.25	482
14446	-43.75	3.25	482
14446	-43.75	2.25	482
14446	-42.25	2.25	482
14446	-42.25	3.25	482
14446	-41.75	3.75	482
14446	-41.25	3.75	482
14446	-40.75	3.25	482
14446	-40.75	2.75	482
14446	-41.25	2.25	482
14446	-41.25	1.75	482
14446	-40.75	1.25	482
14446	-40.75	0.75	482
14446	-41.75	0.75	482
14446	-41.75	-0.25	482
14446	-42.25	-0.25	482
14446	-42.75	0.25	482
14446	-43.25	0.25	482
14446	-43.75	-0.25	482
14446	-44.25	-0.25	482
14446	-44.75	0.25	482
14446	-44.75	2.25	482
14447	-34.25	12.75	482
14447	-34.25	13.25	482
14447	-33.75	13.25	482
14447	-33.75	12.75	482
14447	-34.25	12.75	482
14448	-15.25	30.75	482
14448	-15.25	31.25	482
14448	-14.75	31.25	482
14448	-14.75	30.75	482
14448	-15.25	30.75	482
14449	-13.75	29.25	482
14449	-13.75	29.75	482
14449	-13.25	29.75	482
14449	-13.25	29.25	482
14449	-13.75	29.25	482
14450	-34.75	7.25	482
14450	-34.75	7.75	482
14450	-33.25	7.75	482
14450	-31.25	5.75	482
14450	-31.25	4.75	482
14450	-29.75	4.75	482
14450	-29.75	5.25	482
14450	-30.25	5.75	482
14450	-30.25	6.25	482
14450	-29.75	6.25	482
14450	-28.75	5.25	482
14450	-28.75	4.25	482
14450	-27.75	4.25	482
14450	-27.25	3.75	482
14450	-27.25	2.75	482
14450	-26.25	2.75	482
14450	-24.75	1.25	482
14450	-23.75	1.25	482
14450	-23.75	0.75	482
14450	-24.25	0.25	482
14450	-25.75	0.25	482
14450	-26.75	1.25	482
14450	-27.75	1.25	482
14450	-27.75	2.25	482
14450	-28.75	3.25	482
14450	-29.25	3.25	482
14450	-29.75	2.75	482
14450	-30.75	2.75	482
14450	-30.75	2.25	482
14450	-30.25	1.75	482
14450	-30.25	0.75	482
14450	-29.25	0.75	482
14450	-29.25	-0.75	482
14450	-34.75	-0.75	482
14450	-35.75	0.25	482
14450	-35.75	0.75	482
14450	-34.75	0.75	482
14450	-34.75	1.25	482
14450	-35.25	1.75	482
14450	-35.25	2.75	482
14450	-36.25	3.75	482
14450	-36.25	4.25	482
14450	-35.25	4.25	482
14450	-34.25	5.25	482
14450	-34.25	5.75	482
14450	-34.75	6.25	482
14450	-34.75	7.25	482
14451	-40.75	-0.75	482
14451	-40.75	-0.25	482
14451	-40.25	-0.25	482
14451	-40.25	-0.75	482
14451	-40.75	-0.75	482
14452	-14.75	25.25	482
14452	-14.75	25.75	482
14452	-14.25	25.75	482
14452	-14.25	24.25	482
14452	-14.75	24.25	482
14452	-14.75	25.25	482
14454	-32.75	4.25	482
14454	-32.75	4.75	482
14454	-32.25	4.75	482
14454	-32.25	4.25	482
14454	-32.75	4.25	482
14455	-36.75	-0.75	482
14455	-36.75	-0.25	482
14455	-36.25	-0.25	482
14455	-36.25	-0.75	482
14455	-36.75	-0.75	482
14456	-17.25	18.75	482
14456	-17.25	19.25	482
14456	-16.75	19.25	482
14456	-16.75	18.75	482
14456	-17.25	18.75	482
14457	-14.75	21.25	482
14457	-14.75	21.75	482
14457	-14.25	21.75	482
14457	-14.25	21.25	482
14457	-14.75	21.25	482
14458	-6.75	29.25	482
14458	-6.75	29.75	482
14458	-6.25	29.75	482
14458	-6.25	29.25	482
14458	-6.75	29.25	482
14459	-21.75	10.25	482
14459	-21.75	10.75	482
14459	-20.25	10.75	482
14459	-20.25	9.75	482
14459	-19.75	9.25	482
14459	-18.25	9.25	482
14459	-18.25	9.75	482
14459	-19.25	10.75	482
14459	-19.25	11.25	482
14459	-17.75	11.25	482
14459	-17.25	10.75	482
14459	-17.25	9.75	482
14459	-16.75	9.25	482
14459	-16.75	8.25	482
14459	-16.25	8.25	482
14459	-15.75	8.75	482
14459	-14.75	8.75	482
14459	-14.25	9.25	482
14459	-12.75	9.25	482
14459	-12.75	8.25	482
14459	-12.25	7.75	482
14459	-12.25	7.25	482
14459	-13.25	7.25	482
14459	-13.25	6.75	482
14459	-12.75	6.25	482
14459	-11.75	6.25	482
14459	-11.25	5.75	482
14459	-11.25	5.25	482
14459	-12.25	5.25	482
14459	-12.75	4.75	482
14459	-13.25	4.75	482
14459	-13.75	5.25	482
14459	-13.75	6.25	482
14459	-14.75	6.25	482
14459	-15.25	6.75	482
14459	-15.75	6.75	482
14459	-15.75	5.75	482
14459	-16.25	5.75	482
14459	-16.75	6.25	482
14459	-16.75	7.25	482
14459	-17.25	7.25	482
14459	-17.75	6.75	482
14459	-19.25	6.75	482
14459	-19.75	7.25	482
14459	-19.75	8.25	482
14459	-21.75	8.25	482
14459	-21.75	10.25	482
14460	-5.75	26.25	482
14460	-5.75	26.75	482
14460	-5.25	26.75	482
14460	-5.25	26.25	482
14460	-5.75	26.25	482
14461	-4.75	26.75	482
14461	-4.75	26.25	482
14461	-4.25	26.25	482
14461	-4.25	26.75	482
14461	-4.75	26.75	482
14462	-15.25	9.75	482
14462	-15.25	10.25	482
14462	-14.75	10.25	482
14462	-14.75	9.75	482
14462	-15.25	9.75	482
14463	0.25	25.25	482
14463	0.25	25.75	482
14463	0.75	25.75	482
14463	0.75	25.25	482
14463	0.25	25.25	482
14465	-13.75	-0.25	482
14465	-13.75	-0.75	482
14465	-13.25	-0.75	482
14465	-12.75	-0.25	482
14465	-12.75	0.25	482
14465	-13.25	0.25	482
14465	-13.75	-0.25	482
14466	-11.75	-0.75	482
14466	-11.75	-0.25	482
14466	-11.25	-0.25	482
14466	-11.25	-0.75	482
14466	-11.75	-0.75	482
16469	-24.75	48.25	667
16469	-24.75	48.75	667
16469	-24.25	48.75	667
16469	-24.25	48.25	667
16469	-24.75	48.25	667
16470	-23.75	48.75	667
16470	-23.75	48.25	667
16470	-23.25	47.75	667
16470	-22.75	47.75	667
16470	-22.75	48.25	667
16470	-23.25	48.75	667
16470	-23.75	48.75	667
16471	-22.25	46.75	667
16471	-22.25	47.25	667
16471	-21.25	47.25	667
16471	-20.75	47.75	667
16471	-20.25	47.75	667
16471	-19.75	47.25	667
16471	-19.25	47.25	667
16471	-18.75	47.75	667
16471	-17.75	47.75	667
16471	-17.75	48.75	667
16471	-15.25	48.75	667
16471	-15.25	48.25	667
16471	-15.75	47.75	667
16471	-15.75	47.25	667
16471	-15.25	47.25	667
16471	-14.25	48.25	667
16471	-13.75	48.25	667
16471	-13.75	47.25	667
16471	-13.25	46.75	667
16471	-13.25	45.75	667
16471	-12.75	45.25	667
16471	-12.75	43.25	667
16471	-11.75	43.25	667
16471	-11.75	42.25	667
16471	-10.25	42.25	667
16471	-10.25	42.75	667
16471	-11.25	43.75	667
16471	-11.25	44.75	667
16471	-11.75	45.25	667
16471	-11.75	45.75	667
16471	-11.25	46.25	667
16471	-11.25	47.75	667
16471	-12.25	47.75	667
16471	-12.75	48.25	667
16471	-12.75	48.75	667
16471	-9.25	48.75	667
16471	-7.25	46.75	667
16471	-6.75	46.75	667
16471	-6.25	47.25	667
16471	-5.75	47.25	667
16471	-5.25	46.75	667
16471	-5.25	46.25	667
16471	-5.75	45.75	667
16471	-5.75	45.25	667
16471	-5.25	44.75	667
16471	-5.25	44.25	667
16471	-5.75	44.25	667
16471	-6.25	44.75	667
16471	-6.75	44.75	667
16471	-7.75	43.75	667
16471	-7.75	43.25	667
16471	-7.25	42.75	667
16471	-6.25	42.75	667
16471	-6.25	41.75	667
16471	-5.75	41.25	667
16471	-4.75	41.25	667
16471	-4.75	40.75	667
16471	-5.25	40.25	667
16471	-5.25	39.75	667
16471	-4.75	39.75	667
16471	-3.75	40.75	667
16471	-3.75	41.25	667
16471	-4.25	41.75	667
16471	-4.25	44.25	667
16471	-3.75	44.25	667
16471	-2.75	43.25	667
16471	-2.75	42.75	667
16471	-3.25	42.25	667
16471	-3.25	41.75	667
16471	-1.25	41.75	667
16471	-1.25	40.75	667
16471	-0.25	40.75	667
16471	-0.25	40.25	667
16471	-0.75	39.75	667
16471	-1.25	39.75	667
16471	-2.25	40.75	667
16471	-2.75	40.75	667
16471	-3.25	40.25	667
16471	-3.25	39.25	667
16471	-3.75	38.75	667
16471	-6.25	38.75	667
16471	-6.25	39.25	667
16471	-5.75	39.75	667
16471	-5.75	40.25	667
16471	-6.25	40.25	667
16471	-7.25	39.25	667
16471	-7.25	38.75	667
16471	-6.25	37.75	667
16471	-6.25	37.25	667
16471	-6.75	36.75	667
16471	-7.25	36.75	667
16471	-8.25	37.75	667
16471	-9.25	37.75	667
16471	-10.25	38.75	667
16471	-10.25	39.25	667
16471	-9.75	39.75	667
16471	-9.75	40.25	667
16471	-10.25	40.75	667
16471	-11.25	40.75	667
16471	-11.75	41.25	667
16471	-12.75	41.25	667
16471	-13.25	41.75	667
16471	-15.25	41.75	667
16471	-15.75	42.25	667
16471	-15.75	42.75	667
16471	-15.25	43.25	667
16471	-15.25	43.75	667
16471	-17.25	43.75	667
16471	-17.75	44.25	667
16471	-17.75	44.75	667
16471	-16.75	44.75	667
16471	-16.75	46.25	667
16471	-17.25	46.25	667
16471	-17.75	45.75	667
16471	-18.25	45.75	667
16471	-18.25	46.75	667
16471	-18.75	46.75	667
16471	-19.25	46.25	667
16471	-19.25	44.25	667
16471	-20.25	44.25	667
16471	-20.25	43.25	667
16471	-21.75	43.25	667
16471	-21.75	43.75	667
16471	-20.75	44.75	667
16471	-20.75	45.25	667
16471	-21.25	45.75	667
16471	-22.25	45.75	667
16471	-22.25	46.75	667
16472	-19.75	48.25	667
16472	-19.75	48.75	667
16472	-19.25	48.75	667
16472	-19.25	48.25	667
16472	-19.75	48.25	667
16473	-4.75	48.25	667
16473	-4.75	48.75	667
16473	-3.25	48.75	667
16473	-2.75	48.25	667
16473	-2.75	46.75	667
16473	-3.25	46.75	667
16473	-3.75	47.25	667
16473	-4.75	47.25	667
16473	-4.75	48.25	667
16474	-8.75	43.25	667
16474	-8.75	43.75	667
16474	-8.25	43.75	667
16474	-8.25	43.25	667
16474	-8.75	43.25	667
16745	-28.25	37.75	699
16745	-28.25	38.25	699
16745	-27.25	39.25	699
16745	-26.75	39.25	699
16745	-26.75	38.25	699
16745	-24.25	35.75	699
16745	-24.25	35.25	699
16745	-24.75	34.75	699
16745	-24.75	34.25	699
16745	-24.25	33.75	699
16745	-23.75	33.75	699
16745	-23.75	34.75	699
16745	-22.25	34.75	699
16745	-22.25	33.75	699
16745	-21.25	32.75	699
16745	-20.25	32.75	699
16745	-20.25	31.75	699
16745	-19.75	31.75	699
16745	-18.25	33.25	699
16745	-17.75	33.25	699
16745	-16.75	32.25	699
16745	-16.75	29.75	699
16745	-17.25	29.25	699
16745	-17.25	28.75	699
16745	-16.75	28.25	699
16745	-16.75	26.75	699
16745	-17.75	26.75	699
16745	-17.75	25.75	699
16745	-19.25	25.75	699
16745	-19.75	26.25	699
16745	-20.75	26.25	699
16745	-21.25	26.75	699
16745	-21.75	26.75	699
16745	-22.25	26.25	699
16745	-22.25	25.75	699
16745	-21.75	25.25	699
16745	-21.75	24.75	699
16745	-23.25	23.25	699
16745	-24.75	23.25	699
16745	-25.25	23.75	699
16745	-25.25	24.25	699
16745	-24.75	24.75	699
16745	-24.75	25.25	699
16745	-25.75	25.25	699
16745	-25.75	26.75	699
16745	-24.75	27.75	699
16745	-24.75	28.25	699
16745	-25.75	28.25	699
16745	-25.75	29.25	699
16745	-26.25	29.25	699
16745	-26.75	28.75	699
16745	-27.25	28.75	699
16745	-27.25	29.75	699
16745	-27.75	30.25	699
16745	-27.75	31.25	699
16745	-28.25	31.75	699
16745	-28.25	32.25	699
16745	-27.75	32.75	699
16745	-27.75	33.25	699
16745	-28.25	33.75	699
16745	-28.25	34.75	699
16745	-28.75	35.25	699
16745	-28.75	36.75	699
16745	-28.25	37.25	699
16745	-28.25	37.75	699
16746	-25.25	37.75	699
16746	-25.25	38.25	699
16746	-23.75	38.25	699
16746	-23.75	37.75	699
16746	-24.25	37.25	699
16746	-24.75	37.25	699
16746	-25.25	37.75	699
16747	-25.75	32.25	699
16747	-25.75	32.75	699
16747	-25.25	32.75	699
16747	-25.25	32.25	699
16747	-25.75	32.25	699
2411	-43.25	13.75	1318
2411	-43.25	14.25	1318
2411	-42.75	14.75	1318
2411	-41.75	14.75	1318
2411	-41.25	15.25	1318
2411	-40.75	15.25	1318
2411	-40.75	13.75	1318
2411	-41.75	13.75	1318
2411	-41.75	12.75	1318
2411	-42.25	12.25	1318
2411	-42.25	11.75	1318
2411	-41.75	11.75	1318
2411	-40.75	12.75	1318
2411	-40.25	12.75	1318
2411	-40.25	11.25	1318
2411	-40.75	10.75	1318
2411	-41.75	10.75	1318
2411	-42.25	10.25	1318
2411	-42.25	9.75	1318
2411	-41.25	9.75	1318
2411	-41.25	9.25	1318
2411	-42.75	7.75	1318
2411	-43.75	7.75	1318
2411	-43.75	7.25	1318
2411	-43.25	6.75	1318
2411	-43.25	5.75	1318
2411	-41.75	5.75	1318
2411	-41.75	6.25	1318
2411	-42.25	6.75	1318
2411	-42.25	7.25	1318
2411	-41.75	7.25	1318
2411	-40.75	6.25	1318
2411	-40.25	6.25	1318
2411	-40.25	8.25	1318
2411	-39.75	8.75	1318
2411	-39.75	9.75	1318
2411	-38.25	9.75	1318
2411	-38.25	9.25	1318
2411	-38.75	8.75	1318
2411	-38.75	8.25	1318
2411	-38.25	7.75	1318
2411	-37.25	7.75	1318
2411	-36.75	7.25	1318
2411	-36.75	6.25	1318
2411	-34.75	6.25	1318
2411	-34.25	5.75	1318
2411	-34.25	5.25	1318
2411	-35.25	4.25	1318
2411	-36.25	4.25	1318
2411	-36.25	3.75	1318
2411	-35.25	2.75	1318
2411	-35.25	1.75	1318
2411	-34.75	1.25	1318
2411	-34.75	0.75	1318
2411	-35.75	0.75	1318
2411	-35.75	0.25	1318
2411	-35.25	-0.25	1318
2411	-35.25	-0.75	1318
2411	-35.75	-0.75	1318
2411	-36.25	-0.25	1318
2411	-36.75	-0.25	1318
2411	-37.25	-0.75	1318
2411	-39.75	-0.75	1318
2411	-40.25	-0.25	1318
2411	-40.75	-0.25	1318
2411	-41.25	-0.75	1318
2411	-41.75	-0.75	1318
2411	-41.75	0.75	1318
2411	-40.75	0.75	1318
2411	-40.75	1.25	1318
2411	-41.25	1.75	1318
2411	-41.25	2.25	1318
2411	-40.75	2.75	1318
2411	-40.75	3.25	1318
2411	-41.25	3.75	1318
2411	-41.75	3.75	1318
2411	-42.25	3.25	1318
2411	-42.25	2.25	1318
2411	-43.75	2.25	1318
2411	-43.75	3.25	1318
2411	-44.75	3.25	1318
2411	-44.75	11.75	1318
2411	-44.25	12.25	1318
2411	-43.25	12.25	1318
2411	-43.25	13.75	1318
2412	-44.75	-0.75	1318
2412	-44.75	-0.25	1318
2412	-44.25	-0.25	1318
2412	-44.25	-0.75	1318
2412	-44.75	-0.75	1318
2413	-43.75	-0.25	1318
2413	-43.75	-0.75	1318
2413	-42.25	-0.75	1318
2413	-42.25	-0.25	1318
2413	-42.75	0.25	1318
2413	-43.25	0.25	1318
2413	-43.75	-0.25	1318
2414	-37.75	2.25	1318
2414	-37.75	2.75	1318
2414	-37.25	2.75	1318
2414	-37.25	2.25	1318
2414	-37.75	2.25	1318
9750	-24.75	22.25	2713
9750	-24.75	22.75	2713
9750	-24.25	22.75	2713
9750	-23.75	22.25	2713
9750	-23.25	22.25	2713
9750	-22.75	22.75	2713
9750	-22.25	22.75	2713
9750	-21.25	21.75	2713
9750	-21.25	20.75	2713
9750	-20.25	20.75	2713
9750	-19.75	20.25	2713
9750	-19.75	19.75	2713
9750	-20.75	18.75	2713
9750	-20.75	18.25	2713
9750	-20.25	17.75	2713
9750	-20.25	16.75	2713
9750	-19.75	16.25	2713
9750	-19.25	16.25	2713
9750	-19.25	17.25	2713
9750	-18.75	17.25	2713
9750	-18.25	16.75	2713
9750	-17.25	16.75	2713
9750	-17.25	15.75	2713
9750	-16.75	15.25	2713
9750	-16.75	12.75	2713
9750	-17.25	12.75	2713
9750	-17.75	13.25	2713
9750	-18.25	13.25	2713
9750	-18.75	12.75	2713
9750	-19.25	12.75	2713
9750	-19.25	13.25	2713
9750	-18.75	13.75	2713
9750	-18.75	14.25	2713
9750	-19.75	14.25	2713
9750	-19.75	15.25	2713
9750	-21.25	16.75	2713
9750	-21.25	17.75	2713
9750	-21.75	17.75	2713
9750	-22.25	17.25	2713
9750	-22.25	14.75	2713
9750	-21.25	14.75	2713
9750	-21.25	14.25	2713
9750	-21.75	13.75	2713
9750	-21.75	13.25	2713
9750	-21.25	12.75	2713
9750	-21.25	12.25	2713
9750	-21.75	12.25	2713
9750	-22.25	12.75	2713
9750	-22.75	12.75	2713
9750	-23.25	12.25	2713
9750	-23.75	12.25	2713
9750	-24.25	12.75	2713
9750	-25.25	12.75	2713
9750	-25.25	13.75	2713
9750	-25.75	14.25	2713
9750	-25.75	14.75	2713
9750	-25.25	15.25	2713
9750	-24.25	15.25	2713
9750	-24.25	17.25	2713
9750	-23.25	17.25	2713
9750	-23.25	18.25	2713
9750	-22.25	18.25	2713
9750	-22.25	18.75	2713
9750	-22.75	19.25	2713
9750	-22.75	19.75	2713
9750	-21.75	19.75	2713
9750	-21.75	20.25	2713
9750	-22.75	21.25	2713
9750	-23.75	21.25	2713
9750	-24.75	22.25	2713
8998	-36.25	8.75	2576
8998	-36.25	9.25	2576
8998	-35.25	9.25	2576
8998	-32.75	11.75	2576
8998	-32.25	11.75	2576
8998	-31.75	11.25	2576
8998	-31.25	11.25	2576
8998	-31.25	13.25	2576
8998	-30.75	13.75	2576
8998	-30.25	13.75	2576
8998	-29.75	13.25	2576
8998	-29.25	13.25	2576
8998	-28.75	13.75	2576
8998	-28.25	13.75	2576
8998	-27.75	13.25	2576
8998	-27.75	12.25	2576
8998	-27.25	11.75	2576
8998	-27.25	10.75	2576
8998	-26.75	10.25	2576
8998	-26.75	9.75	2576
8998	-27.25	9.75	2576
8998	-27.75	10.25	2576
8998	-28.75	10.25	2576
8998	-29.75	11.25	2576
8998	-30.25	11.25	2576
8998	-30.75	10.75	2576
8998	-30.75	9.75	2576
8998	-32.25	8.25	2576
8998	-32.25	7.75	2576
8998	-31.25	6.75	2576
8998	-30.75	6.75	2576
8998	-30.25	7.25	2576
8998	-29.75	7.25	2576
8998	-29.25	6.75	2576
8998	-28.75	6.75	2576
8998	-27.75	7.75	2576
8998	-27.25	7.75	2576
8998	-27.25	7.25	2576
8998	-27.75	6.75	2576
8998	-27.75	6.25	2576
8998	-26.25	4.75	2576
8998	-26.25	3.75	2576
8998	-25.75	3.25	2576
8998	-25.25	3.25	2576
8998	-25.25	4.25	2576
8998	-24.75	4.75	2576
8998	-24.25	4.75	2576
8998	-21.25	1.75	2576
8998	-21.25	1.25	2576
8998	-21.75	0.75	2576
8998	-22.25	0.75	2576
8998	-22.75	1.25	2576
8998	-24.75	1.25	2576
8998	-26.25	2.75	2576
8998	-27.25	2.75	2576
8998	-27.25	3.75	2576
8998	-27.75	4.25	2576
8998	-28.75	4.25	2576
8998	-28.75	5.25	2576
8998	-29.75	6.25	2576
8998	-30.25	6.25	2576
8998	-30.25	5.75	2576
8998	-29.75	5.25	2576
8998	-29.75	4.75	2576
8998	-31.25	4.75	2576
8998	-31.25	5.75	2576
8998	-33.25	7.75	2576
8998	-34.75	7.75	2576
8998	-34.75	6.75	2576
8998	-35.25	6.75	2576
8998	-36.25	7.75	2576
8998	-36.25	8.75	2576
8999	-26.75	8.25	2576
8999	-26.75	8.75	2576
8999	-25.25	10.25	2576
8999	-24.75	10.25	2576
8999	-24.75	9.75	2576
8999	-25.75	8.75	2576
8999	-25.75	8.25	2576
8999	-25.25	7.75	2576
8999	-24.75	7.75	2576
8999	-24.75	8.75	2576
8999	-23.25	8.75	2576
8999	-23.25	8.25	2576
8999	-23.75	7.75	2576
8999	-23.75	7.25	2576
8999	-22.75	7.25	2576
8999	-22.25	6.75	2576
8999	-22.25	6.25	2576
8999	-23.25	6.25	2576
8999	-23.25	5.75	2576
8999	-22.25	4.75	2576
8999	-22.25	4.25	2576
8999	-22.75	4.25	2576
8999	-24.25	5.75	2576
8999	-26.25	5.75	2576
8999	-26.75	6.25	2576
8999	-26.75	8.25	2576
7630	-12.75	31.25	2229
7630	-12.75	31.75	2229
7630	-12.25	31.75	2229
7630	-11.25	30.75	2229
7630	-10.75	30.75	2229
7630	-10.75	31.25	2229
7630	-11.25	31.75	2229
7630	-11.25	32.25	2229
7630	-10.75	32.25	2229
7630	-10.25	31.75	2229
7630	-9.25	31.75	2229
7630	-8.75	31.25	2229
7630	-8.75	30.75	2229
7630	-9.75	29.75	2229
7630	-9.75	29.25	2229
7630	-8.25	27.75	2229
7630	-8.25	27.25	2229
7630	-8.75	26.75	2229
7630	-8.75	26.25	2229
7630	-8.25	25.75	2229
7630	-8.25	24.75	2229
7630	-7.75	24.25	2229
7630	-5.75	24.25	2229
7630	-5.75	23.25	2229
7630	-5.25	22.75	2229
7630	-4.25	22.75	2229
7630	-4.25	21.75	2229
7630	-3.25	20.75	2229
7630	-3.25	20.25	2229
7630	-3.75	19.75	2229
7630	-3.75	19.25	2229
7630	-1.25	19.25	2229
7630	-0.75	19.75	2229
7630	-0.75	20.25	2229
7630	-1.25	20.75	2229
7630	-1.25	21.25	2229
7630	-0.25	21.25	2229
7630	-0.25	22.25	2229
7630	1.25	22.25	2229
7630	1.25	21.25	2229
7630	1.75	20.75	2229
7630	1.75	20.25	2229
7630	0.75	20.25	2229
7630	0.75	18.75	2229
7630	1.75	17.75	2229
7630	1.75	17.25	2229
7630	1.25	17.25	2229
7630	0.75	17.75	2229
7630	0.25	17.75	2229
7630	-0.25	17.25	2229
7630	-0.25	16.25	2229
7630	-0.75	16.25	2229
7630	-1.25	16.75	2229
7630	-1.25	17.25	2229
7630	-0.75	17.75	2229
7630	-0.75	18.25	2229
7630	-1.25	18.25	2229
7630	-1.75	17.75	2229
7630	-2.25	17.75	2229
7630	-2.75	18.25	2229
7630	-4.25	18.25	2229
7630	-4.25	14.75	2229
7630	-3.75	14.25	2229
7630	-3.75	13.75	2229
7630	-4.75	13.75	2229
7630	-5.25	13.25	2229
7630	-5.25	12.75	2229
7630	-4.75	12.25	2229
7630	-4.75	10.75	2229
7630	-5.25	10.75	2229
7630	-6.75	12.25	2229
7630	-6.75	12.75	2229
7630	-5.75	13.75	2229
7630	-5.75	14.25	2229
7630	-6.75	14.25	2229
7630	-6.75	15.25	2229
7630	-7.25	15.75	2229
7630	-7.25	16.25	2229
7630	-6.25	16.25	2229
7630	-6.25	16.75	2229
7630	-7.25	17.75	2229
7630	-8.75	17.75	2229
7630	-8.75	17.25	2229
7630	-8.25	16.75	2229
7630	-8.25	16.25	2229
7630	-8.75	15.75	2229
7630	-9.25	15.75	2229
7630	-9.75	16.25	2229
7630	-10.25	16.25	2229
7630	-10.75	15.75	2229
7630	-11.25	15.75	2229
7630	-11.75	16.25	2229
7630	-11.75	17.75	2229
7630	-9.75	17.75	2229
7630	-9.75	18.25	2229
7630	-10.25	18.75	2229
7630	-10.25	19.75	2229
7630	-10.75	20.25	2229
7630	-11.25	20.25	2229
7630	-12.25	19.25	2229
7630	-12.75	19.25	2229
7630	-13.25	19.75	2229
7630	-13.25	20.25	2229
7630	-10.75	22.75	2229
7630	-10.25	22.75	2229
7630	-9.75	22.25	2229
7630	-9.75	20.25	2229
7630	-9.25	20.25	2229
7630	-8.75	20.75	2229
7630	-8.25	20.75	2229
7630	-8.25	19.75	2229
7630	-7.25	18.75	2229
7630	-6.75	18.75	2229
7630	-6.75	19.75	2229
7630	-6.25	19.75	2229
7630	-6.25	18.75	2229
7630	-5.75	18.75	2229
7630	-5.25	19.25	2229
7630	-5.25	19.75	2229
7630	-5.75	20.25	2229
7630	-5.75	21.25	2229
7630	-6.75	21.25	2229
7630	-6.75	21.75	2229
7630	-6.25	22.25	2229
7630	-6.25	22.75	2229
7630	-6.75	23.25	2229
7630	-7.25	23.25	2229
7630	-7.25	22.25	2229
7630	-7.75	22.25	2229
7630	-7.75	23.25	2229
7630	-9.25	24.75	2229
7630	-9.75	24.75	2229
7630	-10.25	24.25	2229
7630	-10.75	24.25	2229
7630	-11.75	25.25	2229
7630	-11.75	25.75	2229
7630	-11.25	25.75	2229
7630	-10.75	25.25	2229
7630	-10.25	25.25	2229
7630	-9.75	25.75	2229
7630	-9.75	26.75	2229
7630	-9.25	27.25	2229
7630	-9.25	27.75	2229
7630	-9.75	28.25	2229
7630	-10.75	28.25	2229
7630	-11.25	28.75	2229
7630	-11.75	28.75	2229
7630	-12.25	28.25	2229
7630	-12.75	28.25	2229
7630	-12.75	29.75	2229
7630	-11.75	29.75	2229
7630	-11.75	30.25	2229
7630	-12.75	31.25	2229
7631	-10.75	29.25	2229
7631	-10.75	29.75	2229
7631	-10.25	29.75	2229
7631	-10.25	29.25	2229
7631	-10.75	29.25	2229
7632	-14.25	22.75	2229
7632	-14.25	23.25	2229
7632	-13.25	24.25	2229
7632	-12.75	24.25	2229
7632	-12.75	23.25	2229
7632	-11.75	23.25	2229
7632	-11.75	22.75	2229
7632	-12.75	21.75	2229
7632	-13.25	21.75	2229
7632	-14.25	22.75	2229
7633	-3.25	23.75	2229
7633	-3.25	24.25	2229
7633	-2.25	24.25	2229
7633	-1.75	24.75	2229
7633	-0.25	24.75	2229
7633	-0.25	23.25	2229
7633	-1.25	22.25	2229
7633	-2.25	22.25	2229
7633	-2.25	21.25	2229
7633	-2.75	21.25	2229
7633	-3.75	22.25	2229
7633	-3.75	22.75	2229
7633	-3.25	23.25	2229
7633	-3.25	23.75	2229
7634	-5.25	15.75	2229
7634	-5.25	16.25	2229
7634	-4.75	16.25	2229
7634	-4.75	15.75	2229
7634	-5.25	15.75	2229
7635	-3.25	16.75	2229
7635	-3.25	17.25	2229
7635	-2.75	17.25	2229
7635	-2.75	16.75	2229
7635	-3.25	16.75	2229
718	4.25	48.25	1081
718	4.25	48.75	1081
718	4.75	48.75	1081
718	4.75	48.25	1081
718	4.25	48.25	1081
15340	-30.75	2.25	561
15340	-30.75	2.75	561
15340	-29.75	2.75	561
15340	-29.25	3.25	561
15340	-28.75	3.25	561
15340	-27.75	2.25	561
15340	-27.75	1.25	561
15340	-26.75	1.25	561
15340	-25.75	0.25	561
15340	-24.25	0.25	561
15340	-23.75	0.75	561
15340	-23.25	0.75	561
15340	-23.25	0.25	561
15340	-24.25	-0.75	561
15340	-28.75	-0.75	561
15340	-29.25	-0.25	561
15340	-29.25	0.75	561
15340	-30.25	0.75	561
15340	-30.25	1.75	561
15340	-30.75	2.25	561
15341	-22.75	-0.75	561
15341	-22.75	-0.25	561
15341	-22.25	-0.25	561
15341	-22.25	-0.75	561
15341	-22.75	-0.75	561
15342	-21.25	-0.25	561
15342	-21.25	0.25	561
15342	-20.75	0.25	561
15342	-20.25	-0.25	561
15342	-20.25	-0.75	561
15342	-20.75	-0.75	561
15342	-21.25	-0.25	561
9747	-21.75	10.25	2712
9747	-21.75	10.75	2712
9747	-20.25	10.75	2712
9747	-20.25	9.75	2712
9747	-19.75	9.25	2712
9747	-18.25	9.25	2712
9747	-18.25	9.75	2712
9747	-19.25	10.75	2712
9747	-19.25	11.25	2712
9747	-17.75	11.25	2712
9747	-17.75	10.25	2712
9747	-16.75	9.25	2712
9747	-16.75	8.75	2712
9747	-17.25	8.25	2712
9747	-17.25	7.25	2712
9747	-17.75	6.75	2712
9747	-19.25	6.75	2712
9747	-19.75	7.25	2712
9747	-19.75	8.25	2712
9747	-21.75	8.25	2712
9747	-21.75	10.25	2712
9748	-16.75	7.75	2712
9748	-16.75	6.25	2712
9748	-16.25	5.75	2712
9748	-15.75	5.75	2712
9748	-15.75	6.75	2712
9748	-15.25	6.75	2712
9748	-14.75	6.25	2712
9748	-14.25	6.25	2712
9748	-13.25	7.25	2712
9748	-12.25	7.25	2712
9748	-12.25	7.75	2712
9748	-12.75	8.25	2712
9748	-12.75	9.25	2712
9748	-14.25	9.25	2712
9748	-14.25	8.25	2712
9748	-14.75	8.25	2712
9748	-15.25	8.75	2712
9748	-15.75	8.75	2712
9748	-16.75	7.75	2712
9749	-13.75	5.25	2712
9749	-13.75	5.75	2712
9749	-13.25	6.25	2712
9749	-11.75	6.25	2712
9749	-11.25	5.75	2712
9749	-11.25	5.25	2712
9749	-12.25	5.25	2712
9749	-12.75	4.75	2712
9749	-13.25	4.75	2712
9749	-13.75	5.25	2712
12660	-13.75	17.25	376
12660	-13.75	17.75	376
12660	-12.25	17.75	376
12660	-11.75	17.25	376
12660	-11.75	16.25	376
12660	-11.25	15.75	376
12660	-10.75	15.75	376
12660	-10.25	16.25	376
12660	-9.75	16.25	376
12660	-9.25	15.75	376
12660	-8.75	15.75	376
12660	-8.25	16.25	376
12660	-8.25	16.75	376
12660	-8.75	17.25	376
12660	-8.75	17.75	376
12660	-7.25	17.75	376
12660	-7.25	15.75	376
12660	-6.75	15.25	376
12660	-6.75	14.25	376
12660	-5.75	14.25	376
12660	-5.75	13.75	376
12660	-6.75	12.75	376
12660	-6.75	11.75	376
12660	-7.25	11.25	376
12660	-7.25	10.75	376
12660	-6.25	10.75	376
12660	-4.75	9.25	376
12660	-3.75	9.25	376
12660	-3.75	8.75	376
12660	-4.25	8.25	376
12660	-4.25	7.75	376
12660	-3.75	7.75	376
12660	-2.25	9.25	376
12660	-2.25	10.25	376
12660	-1.25	11.25	376
12660	-0.75	11.25	376
12660	-0.25	10.75	376
12660	0.25	10.75	376
12660	0.25	11.25	376
12660	-0.75	12.25	376
12660	-0.75	13.75	376
12660	0.25	13.75	376
12660	0.75	14.25	376
12660	3.25	14.25	376
12660	3.75	13.75	376
12660	4.25	13.75	376
12660	4.25	14.75	376
12660	4.75	14.75	376
12660	4.75	11.25	376
12660	3.75	11.25	376
12660	3.75	10.75	376
12660	4.75	9.75	376
12660	4.75	8.25	376
12660	4.25	8.25	376
12660	3.75	8.75	376
12660	3.25	8.75	376
12660	1.75	7.25	376
12660	1.25	7.25	376
12660	0.75	7.75	376
12660	0.25	7.75	376
12660	-0.25	7.25	376
12660	-0.75	7.25	376
12660	-1.25	7.75	376
12660	-1.25	8.25	376
12660	-0.75	8.75	376
12660	-0.75	9.25	376
12660	-1.25	9.25	376
12660	-2.25	8.25	376
12660	-2.25	7.75	376
12660	-1.75	7.25	376
12660	-1.75	5.75	376
12660	-2.25	5.25	376
12660	-3.25	5.25	376
12660	-4.25	4.25	376
12660	-6.25	4.25	376
12660	-6.25	3.75	376
12660	-5.75	3.25	376
12660	-4.75	3.25	376
12660	-4.75	2.25	376
12660	-3.75	1.25	376
12660	-3.75	0.75	376
12660	-5.25	0.75	376
12660	-5.25	1.75	376
12660	-5.75	1.75	376
12660	-6.75	0.75	376
12660	-7.25	0.75	376
12660	-7.25	2.25	376
12660	-6.25	2.25	376
12660	-6.25	2.75	376
12660	-6.75	3.25	376
12660	-7.25	3.25	376
12660	-8.25	2.25	376
12660	-9.25	2.25	376
12660	-9.25	1.75	376
12660	-7.25	-0.25	376
12660	-7.25	-0.75	376
12660	-10.75	-0.75	376
12660	-11.25	-0.25	376
12660	-12.25	-0.25	376
12660	-12.75	0.25	376
12660	-13.25	0.25	376
12660	-13.75	-0.25	376
12660	-14.25	-0.25	376
12660	-15.75	1.25	376
12660	-17.75	1.25	376
12660	-17.75	1.75	376
12660	-17.25	2.25	376
12660	-17.25	3.25	376
12660	-16.75	3.75	376
12660	-15.25	3.75	376
12660	-15.25	2.75	376
12660	-14.75	2.75	376
12660	-14.75	3.75	376
12660	-13.25	3.75	376
12660	-13.25	2.75	376
12660	-12.25	2.75	376
12660	-12.25	1.75	376
12660	-10.75	1.75	376
12660	-10.75	2.25	376
12660	-11.25	2.75	376
12660	-11.25	3.25	376
12660	-10.75	3.75	376
12660	-9.75	3.75	376
12660	-9.75	4.25	376
12660	-10.25	4.75	376
12660	-10.25	6.25	376
12660	-9.75	6.75	376
12660	-9.75	7.75	376
12660	-9.25	8.25	376
12660	-9.25	9.75	376
12660	-9.75	9.75	376
12660	-10.25	9.25	376
12660	-10.25	8.25	376
12660	-10.75	8.25	376
12660	-11.25	8.75	376
12660	-11.25	10.75	376
12660	-11.75	11.25	376
12660	-12.25	11.25	376
12660	-12.25	10.25	376
12660	-13.75	10.25	376
12660	-13.75	10.75	376
12660	-13.25	11.25	376
12660	-13.25	12.25	376
12660	-12.25	12.25	376
12660	-11.75	12.75	376
12660	-11.75	13.25	376
12660	-12.75	14.25	376
12660	-13.75	14.25	376
12660	-14.25	14.75	376
12660	-14.25	15.25	376
12660	-13.75	15.75	376
12660	-13.75	17.25	376
12671	-6.75	16.75	376
12671	-6.75	16.25	376
12671	-6.25	16.25	376
12671	-6.25	16.75	376
12671	-6.75	16.75	376
12681	-7.75	13.25	376
12681	-7.75	13.75	376
12681	-7.25	13.75	376
12681	-7.25	12.25	376
12681	-7.75	12.25	376
12681	-7.75	13.25	376
12682	-8.75	8.75	376
12682	-8.75	8.25	376
12682	-8.25	8.25	376
12682	-8.25	8.75	376
12682	-8.75	8.75	376
12683	-6.25	6.75	376
12683	-6.25	7.25	376
12683	-5.75	7.25	376
12683	-5.75	6.75	376
12683	-6.25	6.75	376
12684	2.25	12.25	376
12684	2.25	12.75	376
12684	2.75	12.75	376
12684	2.75	12.25	376
12684	2.25	12.25	376
12685	2.75	9.75	376
12685	2.75	10.25	376
12685	3.25	10.25	376
12685	3.25	9.75	376
12685	2.75	9.75	376
12686	-1.25	2.75	376
12686	-1.25	3.25	376
12686	-0.25	4.25	376
12686	0.25	4.25	376
12686	1.25	3.25	376
12686	1.25	2.25	376
12686	1.75	2.25	376
12686	2.25	2.75	376
12686	2.25	3.25	376
12686	1.75	3.75	376
12686	1.75	4.25	376
12686	2.25	4.25	376
12686	2.75	3.75	376
12686	3.25	3.75	376
12686	3.25	4.75	376
12686	4.25	4.75	376
12686	4.25	5.25	376
12686	3.25	6.25	376
12686	3.25	6.75	376
12686	4.75	6.75	376
12686	4.75	-0.75	376
12686	3.25	-0.75	376
12686	2.75	-0.25	376
12686	1.75	-0.25	376
12686	1.75	0.75	376
12686	0.75	0.75	376
12686	0.75	1.75	376
12686	0.25	1.75	376
12686	-0.25	1.25	376
12686	-0.25	0.25	376
12686	-1.25	-0.75	376
12686	-1.75	-0.75	376
12686	-1.75	-0.25	376
12686	-1.25	0.25	376
12686	-1.25	1.25	376
12686	-0.75	1.75	376
12686	-0.75	2.25	376
12686	-1.25	2.75	376
