x	y
1.75555893446021	0.542743073230609
1.75094005932482	0.542463345063606
-0.215802974880961	0.0630454837478909
1.59029650022127	1.59805990335659
2.66633796271502	3.2142571546488
2.06072087603219	2.60068487750658
1.33688201838617	0.809152305953947
-1.5827368331418	0.645442762364516
-0.460554696836458	0.11789676374043
-0.211538602697741	0.06164579796967
-0.0180150161964804	0.0058752093761512
1.05279093290634	0.556276866823237
3.14159809633825	2.34974779520878
1.04943077906573	0.55551758140019
3.46132030692666	4.1034883030526
1.47514405867091	0.54114346727406
1.16318172559159	0.483730112143147
0.286294662408938	0.0933907898533602
3.6154167494863	1.8338500455191
-0.0276940041281245	0.00862345754152181
3.33874310885458	1.5270578824316
2.97582734285753	1.21719949420002
0.759907701135167	0.344311482629659
1.87119486944316	1.27409628936555
2.16594994366759	2.29854854812771
2.66141143360978	2.65643294882754
1.88111276110747	1.29620105792599
1.35618312781444	0.731712549977993
-1.32482799303985	0.485153665683699
-1.59338888897663	0.655055015537631
1.00711243242006	0.30055824570249
2.16702377031998	1.0661128057747
-3.05399826584847	1.18610933890282
1.75094005932482	0.542463345063606
3.33532520133913	1.51771213771485
1.36213738064971	0.73407416866772
1.13112021746958	0.467591108492077
1.15440067582344	0.479654806623859
2.01503680481976	1.24997067385221
2.43480098752263	1.36390325337588
-0.428585142318546	0.166479558979957
1.06466513069361	0.564774382759764
-0.809587037092926	0.31319362949053
-3.02367244830572	1.17680306562614
0.769206077912951	0.265215339047695
3.87668059999453	2.17882243459861
1.75094005932482	0.542463345063606
3.32557352322832	1.5321480220701
3.31998296069723	1.52103682515885
2.50556028145412	1.90558253264236
1.61623600051864	0.994748555613556
2.43191952411564	1.3540308640595
1.7874950694193	0.987911386722651
1.843008466339	0.798906326303637
1.85404958186626	0.801644273831349
2.05450998165032	1.2819830069546
1.8455549604237	0.794644018180083
1.75770766552808	0.543018781716696
0.19082524806354	0.0790040786464848
1.66032989114959	1.02088545090432
1.77611239777577	0.980485938305975
2.49735614452642	0.88955465157768
2.15441480347782	1.06666104966135
3.3431598685228	1.52237119337929
-2.16895042965372	0.666392355375991
1.61943327020669	0.99054989224107
1.00380012984799	0.299354932466524
1.34354618634873	0.730982779720759
1.47402852997185	0.713955198953201
3.53405956419533	3.12397431008372
2.97795836628338	1.20838398745507
3.3431598685228	1.52237119337929
-0.023505866641219	0.00726595320789909
1.14106296464784	0.474069120264741
1.04321179308683	0.489201635035514
-2.65764526087283	0.920806940645466
2.93241773500031	2.01548209426489
2.4479743423291	1.36988632978862
2.49522710447058	0.890017702653776
1.14978843362764	0.479508792125582
2.4195395743785	1.34738371191724
1.85784218175575	0.805382441220241
2.93092147795853	1.99474585037519
2.14731051276611	1.06465232191961
1.00908470017421	0.300771436124191
2.97582734285753	1.21719949420002
1.00711243242006	0.30055824570249
2.15728376447347	1.06806466912847
-1.34850752452429	0.495739084111445
2.43084629918939	1.35346557655678
2.49400993731318	2.3029131356733
2.4421844527258	1.35921524893521
3.33317222753892	1.53138081767327
2.50429786101447	0.884526830812745
2.50229157117169	0.889927661590642
3.31998296069723	1.52103682515885
0.277766387658151	0.0615612664994032
0.706797967891634	0.280079568865744
0.769076095892583	0.266736179180621
1.7717041101203	0.971397792463312
3.3389167219195	1.52695555590706
2.50229157117169	0.889927661590642
2.97582734285753	1.21719949420002
2.08749378492476	1.58875768001642
1.00914991727315	0.300778774375186
4.08689222336331	2.47607191110949
4.13129972179852	2.50670560329898
2.96343053003818	1.2012377173745
0.27152911772957	0.0749286600624887
0.382788344748824	0.143820991668666
1.48588455338373	0.543071205920836
2.45485879795773	1.36816724587922
2.42737091072452	1.34814833415463
1.01619083565889	0.302024028617816
1.49525707103677	0.723233131626962
1.13298637157721	0.466223309391937
2.10434525426952	1.61155583479916
2.66398790980258	1.6307666126081
2.15952557920669	1.06962376157216
3.62624682979578	1.86003016795935
1.78258861153852	0.980118141690922
-1.45292664985247	0.401908715419303
1.14431884897712	0.47537585148443
0.304223481353455	0.0986763199232659
1.06665560345507	0.566142021568785
2.16560717644384	1.06856913080092
1.85770901370383	0.800232386358482
2.15210923887597	1.06013406618524
3.17061414979127	2.38762267892704
1.05205690124228	0.551710457442345
0.750604253155204	0.336072385394503
2.09957331847957	1.61166525923516
1.77358278851101	0.979250101393019
2.69398182794501	2.24127093601244
2.9778159226856	1.20844922023267
1.36421899943774	0.739811549439977
1.04989446397812	0.49097081836415
-2.18873359783143	0.668800511415577
1.87909026516905	1.29101137702142
3.34763945537226	2.71077666269159
1.48368879487586	0.546240604336868
2.96343053003818	1.2012377173745
1.75770766552808	0.543018781716696
2.43795098274687	1.36462253337557
3.61421672558289	1.84491873562858
2.1749624049294	1.06530763567057
0.846844923085378	0.437888331675787
-3.30182308924105	1.40525551284813
0.301576462822418	0.0983009862876448
1.83684664657014	0.791928760020377
1.85175256018831	0.800712046940515
1.57524899071353	1.07794963426257
1.48074301251683	0.714898482371746
1.57126242108127	1.18136076993772
1.15936477865727	0.476798846391637
2.90784187992734	1.98059623851953
2.68903701321316	1.66363026923566
2.5001518399748	0.884739952295723
1.75094005932482	0.542463345063606
1.48580244469922	0.546518943249233
1.15422592698858	0.479611506015935
4.91210298974374	4.0582415213959
1.76895058065963	0.973998463615204
1.47819650961008	0.54204566782914
1.4763570159446	0.535426970518913
4.09893705032603	2.48960768831079
2.98094413280793	1.21189285207749
1.75770766552808	0.543018781716696
1.48368879487586	0.546240604336868
4.33141317548791	2.87641389339582
1.34990126081869	0.73451268993639
1.34419812114783	0.813939707258424
0.184960007999526	0.0663565363748347
3.8433859618909	3.88538756875436
2.72083521772721	1.68448202224229
-0.00522454988403815	0.00242938855939939
4.31771485339352	2.84676347828497
2.28443630799413	1.92108793763278
5.04868449461064	4.47816185691831
1.04303393944253	0.486324113401359
2.04504400711682	1.26038689146295
3.32771385959749	1.53270684917875
3.85962701129755	2.14387860570461
2.50443480768064	0.884545982785576
2.98515947931959	1.21039507908958
1.75555893446021	0.542743073230609
4.89220838477396	4.03653312864579
1.48580244469922	0.546518943249233
4.10952618818141	2.49897964954893
1.77308924786421	0.982402900631231
2.142047486626	1.05030732766404
2.4421844527258	1.35921524893521
2.15710837481003	1.07444998988794
-0.0272856328318291	0.00859660134714883
2.15451967448473	1.06809087865784
2.26957568053589	1.570542945142
4.11216030819106	2.51528329095935
3.16751302218719	2.38833310291643
2.4408391674992	1.36003155129384
4.52812873846986	3.22329915212143
3.87649775553722	2.16655030919353
2.49032965257094	0.884837195328046
2.50443480768064	0.884545982785576
0.998511881482462	0.297373578337826
1.56951184702418	1.17773361545126
1.14159318101819	0.473631402515685
0.770328128102086	0.264360468588073
1.63569527128164	0.994807606967841
-0.553782865548104	0.189595062367609
2.1633586943662	1.07724751776489
2.51322557764042	1.91413856384407
2.1633586943662	1.07724751776489
2.43821706721019	1.35478477996228
0.826460285541826	0.422979129972275
4.33244050189546	2.86260345568194
3.54709480942936	3.13608717733635
1.75555893446021	0.542743073230609
2.97582734285753	1.21719949420002
1.46868796017608	0.707657982968223
3.62745667625873	1.82094051794829
-0.465029890470255	0.118711392244926
0.27095510345299	0.0605888447038924
2.29780496634754	1.5966971201119
4.50363071726828	3.19673504711914
3.61188561339073	1.84332795498656
3.33325806556061	1.54201506041654
0.283176760163195	0.0772590024670822
3.87686357175941	2.16653611031038
4.1153088532081	2.4909113045977
2.96343053003818	1.2012377173745
1.75555893446021	0.542743073230609
3.62611759793919	1.8483223295229
0.753251068443724	0.340494223293565
1.8455549604237	0.794644018180083
1.79479014496026	0.992088466311135
2.97582734285753	1.21719949420002
1.57459023790471	1.07272261448829
3.33541143214173	1.53196761575756
4.12170623156385	2.51577446851175
3.32779879810264	1.52207681058344
3.8679468661791	2.1617517046836
4.33450688737801	2.87282632555973
2.43902756106634	1.35526282748146
1.48368879487586	0.546240604336868
3.15719173883787	2.37070257671126
2.14081793552751	1.05583161336707
1.83671897641002	0.791909075531281
3.62021974361749	1.85793877738993
1.32660452854384	0.807615942235102
2.97575625753571	1.21723443475527
1.31135220033939	0.787901849498114
1.6212437714246	0.997272881721754
2.42796878770968	1.35096780971913
1.85175256018831	0.800712046940515
2.89734485999023	2.61056092730894
4.32180984201589	2.86609161015223
1.85162090348127	0.805916351154778
4.32866229158462	2.87137087664833
0.388261583502027	0.147776386617434
2.10610500765211	1.62216494173747
2.6775349356223	2.19166609857667
1.9985866030502	1.67912022315048
1.87128113896491	1.29711209606189
0.279345072731185	0.0762731474657066
3.17257744119293	2.37055733778855
2.14823168703546	1.95260888387063
4.88777022018994	4.05376733075858
4.87875604614749	4.033187870505
3.3560405089675	2.74158181013509
1.11183408831485	0.6592557801057
1.74779834467033	0.960272892715119
1.84162955392853	0.793430454502157
2.42100481811593	1.33921047984864
0.761629541921129	0.344110246023649
4.12435397094747	2.51631039147201
3.69566372743332	3.49011403408647
2.88036034661633	2.5899138916969
1.33826847560861	0.816392289223222
3.89070570583519	2.16743261247487
2.50436633075736	0.88948111530497
2.69112757686651	1.66579391132863
3.32503612732268	2.69564653948162
2.15728376447347	1.06806466912847
4.34450767130308	2.87249518067039
3.63121471721712	1.84429771631731
1.8410687200513	0.796242756608066
2.29223259880816	1.60139786719933
2.68806657002621	1.67319066333859
3.16934732566106	3.27332520630965
2.09942924224906	1.60463159571003
3.05044644251233	3.70127668287207
3.14877097296734	2.36764153347433
2.43084629918939	1.35346557655678
1.77294698844708	0.978845131187065
2.28139705283662	1.58487369164054
2.30180920769442	1.92928707683269
2.4619194648241	2.23112926259914
3.20774900466906	3.38014505744977
2.29276756721026	1.93819057820536
3.31965242456977	3.69651192751279
2.68841530432963	1.6731785171756
3.35171699018282	3.75774597165547
2.97059711612895	1.20991308135464
1.75533713346984	0.966424496530563
3.7017329661458	3.50883628497272
2.90628760382362	3.29118031543536
4.87548661426262	4.03095368968216
3.88675104697564	3.95233477083304
1.46203887274273	0.701514526681422
2.51128169391134	1.90478888246472
2.49728829596245	0.889565775291863
2.97788714116164	1.2168188483315
2.49032965257094	0.884837195328046
2.50222323843153	0.889938752296322
2.1508831810315	1.06575072670122
2.49735614452642	0.88955465157768
2.5001518399748	0.884739952295723
2.49735614452642	0.88955465157768
1.75555893446021	0.542743073230609
2.49728829596245	0.889565775291863
3.33541143214173	1.53196761575756
2.67169536030683	1.64317000640816
2.41100778496827	2.86341899141227
2.98523133612053	1.21036324165882
2.49735614452642	0.88955465157768
3.33334394368402	1.53127543672636
4.31771485339352	2.84676347828497
3.84776031561474	3.88331095758841
1.82399646237173	0.783344281747396
1.56165350394742	1.06547684350625
2.45569996613701	2.6241597944834
4.09607062379576	2.49880396315422
2.4266419213876	1.35312129875444
1.46926205421757	0.539571433749836
3.88221196505928	2.14474145502946
2.13762061473098	1.05021851371347
2.5001518399748	0.884739952295723
1.15666686213929	0.479957968101201
2.16353584153962	1.07087434612375
3.17546707442831	2.37612532194652
-0.21581143603196	0.0629964383579664
2.09642228186529	1.59649765933594
2.26841047624135	1.56699884143302
1.75167668863938	1.44887524348437
1.85162090348127	0.805916351154778
0.998797712011982	0.296935091699254
-1.44625165176183	0.400878662120978
2.97059711612895	1.20991308135464
2.9706677117996	1.20987851096081
2.16075910885318	1.06913290918903
2.49522710447058	0.890017702653776
3.33558401449777	1.51749202616561
2.49735614452642	0.88955465157768
2.15693308038143	1.06805657235513
2.96855095188005	1.21030658406815
1.47056197523306	0.536896700968019
1.46180004121134	0.701409827762825
4.70934701346847	3.63392883259986
1.14792376702227	0.477377095281396
1.67592243457716	1.49123995947253
4.32180984201589	2.86609161015223
4.29865403066998	2.80689288423955
2.96343053003818	1.2012377173745
1.00711243242006	0.30055824570249
2.49522710447058	0.890017702653776
2.98101571279781	1.21185944436985
3.85611617689043	2.13866230281147
2.97795836628338	1.20838398745507
3.33325806556061	1.54201506041654
1.15146555628928	0.475320777298504
1.49133293961366	0.548708265550778
2.5001518399748	0.884739952295723
0.723550789620334	0.285160163079407
0.279263696596515	0.0765891395080286
1.01087190532143	0.30059721570225
2.44437050056869	1.34764562855258
1.82686804220175	0.784689540836681
0.297189717792719	0.097411882107215
1.13614502681587	0.471690675531175
3.15046487973533	2.34820876022265
1.4767736386356	0.715573451354077
2.26841047624135	1.56699884143302
2.96855095188005	1.21030658406815
2.14228677789381	1.05498653734706
2.49522710447058	0.890017702653776
3.62269099737934	1.84772832248804
3.34108053656371	1.53592246137844
2.97795836628338	1.20838398745507
1.75770766552808	0.543018781716696
1.1568424333289	0.482887939727352
2.15105682881082	1.05944189995662
-0.954883384454466	0.297861346007004
0.277829632496978	0.0615704441338032
1.85431450801401	0.794630510928771
3.61787988016051	1.84746185333061
1.89208904571199	1.3118229428202
0.264868094309893	0.0731706553941453
2.49675746230035	1.90356450664664
2.50525741050179	1.90911837978727
3.16441377397524	2.38292677006926
3.03779851198794	2.954528464323
2.97575625753571	1.21723443475527
1.46823455654272	0.70759745488482
2.16597638317259	1.07716976302158
0.997481738601707	0.295490815734714
1.75555893446021	0.542743073230609
3.33102235073566	1.53296005905307
3.3366696060758	1.52552368450848
0.246595419077408	0.0682631530067237
2.92596578699591	2.0090838471553
2.69622080316307	1.66972355599558
1.63692002448795	0.998510390762439
1.48358864390356	0.713927422539543
2.15728376447347	1.06806466912847
1.75770766552808	0.543018781716696
2.45803913555322	1.3689724720026
0.29177332678841	0.095028845449101
2.15418036286488	1.06152171878585
2.95834733785727	2.01570647901164
2.42076332423126	1.34631148168718
3.35379752861217	2.72456621273304
3.36404941714762	2.7528771933352
2.87870295101736	2.60756769639581
2.69893866771773	1.68200704702191
2.97059711612895	1.20991308135464
2.14638265334795	1.06098752053304
1.97269317588881	1.63939731693671
3.31238660537055	1.50831821747759
1.57848845971095	1.06986173484438
2.29198868499391	1.58320126554848
3.3165273583173	3.68571759117102
0.277766387658151	0.0615612664994032
2.96343053003818	1.2012377173745
2.9706677117996	1.20987851096081
1.8455549604237	0.794644018180083
0.257039130505368	0.0582363726008951
2.29242608334836	1.91482947608395
1.86054827983412	0.798205392652212
1.88258582091922	1.29725640320003
1.48174547633367	0.540792883395931
2.16578505654582	1.07722313169761
2.17248797012425	1.07734811651524
1.75845889571422	0.962449665538366
0.841541329508124	0.434296522329953
2.96855095188005	1.21030658406815
2.03898194457202	1.26285119628622
3.51217026108554	3.0558889120707
2.43007051648807	1.34415483710522
4.31906788925135	2.84842654536456
1.75094005932482	0.542463345063606
4.33141317548791	2.87641389339582
1.75555893446021	0.542743073230609
0.766505644205962	0.26611626095563
3.62611759793919	1.8483223295229
1.04826911113437	0.549547448999632
1.33725510078552	0.720574909728847
2.43853364287687	1.35536784235524
2.98315772137585	1.21070189819329
0.305253939130205	0.0990512485992489
4.89048093708154	4.04844913602849
1.47024829131257	0.698773641265676
2.9259831742623	2.00205755752261
2.50222323843153	0.889938752296322
3.60943276287993	1.83293301269101
3.32335212212917	1.52318928383547
4.10266154232584	2.50767474690877
3.14212984103123	2.35231833666394
2.12966546062592	1.04368954673291
3.32548901211188	1.53216201213628
2.50229157117169	0.889927661590642
1.00209716595288	0.29812431681554
1.48504608538061	0.720722848893781
2.44905562849753	1.36394407195907
4.51078659501811	3.2217025916835
2.50266409063784	1.92457395437363
2.16616980947282	1.06849508031066
2.71428772389283	1.68401893676839
2.15952557920669	1.06962376157216
2.73314035180127	2.2852948002718
2.1508831810315	1.06575072670122
2.12966546062592	1.04368954673291
2.02603614787066	1.25983643838431
2.91559656487155	1.9890775203512
2.5001518399748	0.884739952295723
2.26976535858678	1.88901349529139
2.5001518399748	0.884739952295723
1.05717232956266	0.497179579976375
1.46746897854261	0.536716088535439
0.756797898588211	0.263028697208426
0.281052436624202	0.0768368034971663
2.97575625753571	1.21723443475527
0.760389756144194	0.263071611701099
0.762342316616592	0.265652717344903
1.14809676806661	0.477419357936333
0.277829632496978	0.0615704441338032
2.97788714116164	1.2168188483315
3.62859842512736	1.85881649144797
2.97788714116164	1.2168188483315
2.50222323843153	0.889938752296322
1.8393415754835	0.793590308138252
2.16437467915016	1.06549021761758
2.98301428503119	1.21076700095985
2.44507807339829	1.36908626201944
2.92596578699591	2.0090838471553
2.15242918287941	1.06328919780184
1.64073614790631	1.0027932793679
3.87043839477999	2.17328270515291
1.01420492883892	0.301808154798092
0.262764777298387	0.072751493330585
0.272690543921748	0.0745215353888578
3.61409063398348	1.83330020054426
2.30201147525596	1.59917740108918
3.63452706564902	1.83959691374754
3.88857951430537	2.15712238724318
1.86028014107664	0.805245711650761
2.48629507929451	2.29586509830622
3.62859842512736	1.85881649144797
1.89017904830667	1.30791354551176
1.15928724685163	0.480930735550636
3.33110779745691	1.53294727347721
2.16982003886432	1.07540269417947
2.97575625753571	1.21723443475527
2.14638265334795	1.06098752053304
-0.540498274378698	0.184540629649371
1.762410130805	0.974081345503782
4.11428542153581	2.49144584714198
3.60347253093826	1.82755579270948
1.47807593740405	0.717304569998487
1.75770766552808	0.543018781716696
0.998797712011982	0.296935091699254
1.83302582906444	0.791590729745002
3.88552002777358	2.18179582641487
3.87283649277614	2.16355351516864
3.69559674749692	3.50197091991339
1.00908470017421	0.300771436124191
3.31998296069723	1.52103682515885
2.50436633075736	0.88948111530497
3.87301837918885	2.16339343382966
2.97788714116164	1.2168188483315
2.92924772003487	2.0092873300047
3.61775297609661	1.84741858259067
2.50436633075736	0.88948111530497
2.97795836628338	1.20838398745507
3.62269099737934	1.84772832248804
3.88284040212007	2.16668667688919
1.47420558966296	0.710877294752322
1.36258884305083	0.735428516760776
1.85418200116997	0.801615556582217
2.52493335648605	1.94847609073771
1.13742916959352	0.467337975151337
1.65082250658748	1.01755565874239
0.75639107423517	0.260902279468405
3.149637504737	2.36647553884307
2.49032965257094	0.884837195328046
1.84483773151733	0.797344600301214
2.27403713640931	1.56450170800541
3.85962701129755	2.14387860570461
3.88221196505928	2.14474145502946
1.97022456854866	1.6292592635956
1.62780086860398	1.00239203326951
1.47807593740405	0.717304569998487
2.46094884788013	1.36038960289071
2.17842606167359	1.06686236162431
2.97788714116164	1.2168188483315
4.1153088532081	2.4909113045977
2.44615802207486	1.35206481106075
2.08848731420443	1.60463509547923
1.49373424039189	0.716915879721524
3.3389167219195	1.52695555590706
2.68466109606234	1.66357705803622
1.45975373663797	0.704113167278879
1.06476275822733	0.499517334746643
0.699889738684764	0.27722560214444
3.87649775553722	2.16655030919353
2.91901892831096	1.99347460903092
1.48920915253837	0.545257717194554
1.03648106378604	0.484337749100938
-0.550385033330481	0.188464633835418
1.48376590544552	0.722238962818052
0.766605511167944	0.346253071961695
1.47601559734022	0.541776663789516
2.43367960041009	1.35889542479816
2.5001518399748	0.884739952295723
0.27095510345299	0.0605888447038924
1.75094005932482	0.542463345063606
1.75764050257383	0.543004073369426
1.83903522186409	0.792076264777252
1.7770390751902	0.977089556124952
0.264868094309893	0.0731706553941453
3.32548901211188	1.53216201213628
2.02578557131819	1.24921829359352
2.97582734285753	1.21719949420002
2.97788714116164	1.2168188483315
1.65723613589978	1.01662543244895
0.854119239493444	0.438581410855972
-1.81547263195986	0.81850143615985
2.27000915711444	1.56633478033977
4.11717834042571	2.49514389675214
-1.61293881228603	0.665430640288478
1.47136363373887	0.710348162275551
3.17769774090912	2.39343150454182
0.289091841656669	0.0939298202633503
0.280971150466873	0.0768206315965913
-0.278646292728346	0.09872593178748
2.29049867616135	1.91823280316554
2.29629254238856	1.59189099000101
1.87916310743718	1.30731516074515
2.94446008605532	2.01691012006487
2.14847802516539	1.0642800188479
4.51177049495536	3.20822535236767
4.09345505583105	2.48600356272776
3.32557352322832	1.5321480220701
2.70334325461281	1.68406751188877
1.83431543382442	0.791049700440985
2.02486331294868	1.25259203786017
0.180058510648027	0.0650961415775044
0.298662358362539	0.0974231234786328
1.00380012984799	0.299354932466524
3.62859842512736	1.85881649144797
1.83671897641002	0.791909075531281
0.354530135016206	0.150020476536422
2.53175307569981	1.93810237035672
-2.68492619934865	0.925145613564758
2.32074308257228	1.60919554505151
2.67099751710168	1.6412950916695
4.32114296408057	2.84841110320122
0.762342316616592	0.265652717344903
1.8452949025581	0.794650534013149
3.71822531767	3.53645592594749
3.63229815918711	1.85326646874141
2.15710837481003	1.07444998988794
2.70727395476856	2.25843032916883
1.55605986928923	1.1603195024352
2.9778159226856	1.20844922023267
3.33334394368402	1.53127543672636
0.998576636896764	0.29738079749244
2.02603614787066	1.25983643838431
-0.479583121766394	0.121667898891972
1.57395160532679	1.0720744472825
3.87265473307735	2.14706699680749
1.33256716665118	0.806493125646743
-3.31985651621788	1.42281453236074
2.14081793552751	1.05583161336707
3.32503612732268	2.69564653948162
1.56927117818835	1.18635147215902
2.45831409748946	1.36884335506248
1.83431543382442	0.791049700440985
2.43637941410103	2.19164953405081
1.34679363787302	0.729569560484612
2.11119420084749	1.62084307252426
1.86126912982505	1.28156921613964
1.78476980536368	0.973474660080397
3.61787988016051	1.84746185333061
0.275766672384913	0.0612699467922861
0.707464411889538	0.276646935997026
0.307023728257561	0.100322089542507
1.06797452522246	0.562598277596611
2.14830528385054	1.06421146068187
2.51483762382763	1.8939900369545
-0.56372921025584	0.190876517661365
3.61775297609661	1.84741858259067
1.64260266644261	1.01963500781868
2.41980587563838	1.34031251520823
1.48349827787484	0.716672179757189
2.03687026964216	1.2620316412398
2.15469414995064	1.06816137987062
2.17248797012425	1.07734811651524
1.47888635592197	0.716006848998119
1.843008466339	0.798906326303637
2.97788714116164	1.2168188483315
1.34440622919911	0.721348843319091
3.62872850470803	1.85867327398336
2.94084652954749	2.01221678087222
1.0364938190482	0.481924209311104
2.03687026964216	1.2620316412398
3.56197569318226	3.13989829083795
2.43480098752263	1.36390325337588
0.702012170639976	0.276721705260602
2.29195754290245	1.92647369608984
2.97582734285753	1.21719949420002
1.8490644825133	0.8008686683649
3.33334394368402	1.53127543672636
2.03325727526701	1.26028697177122
3.33882989516732	1.53757399564911
1.15440067582344	0.479654806623859
2.04019763419605	1.27167862635825
1.13922803072246	0.471474154289811
0.304408932035352	0.099126317269643
1.16545779955307	0.480140662415051
1.05392932273243	0.492193915820919
1.01285043505619	0.30081118944344
1.79492680155986	1.36939734866432
2.69991335798206	1.67895983437618
2.15970179127997	1.06956052886599
1.79064234632726	0.985586658959111
1.63928584038913	1.01123169116478
2.43630632292372	1.3518177519345
1.79250285139077	1.36580891456506
2.43394634862461	1.34912811213079
2.97059711612895	1.20991308135464
2.08745849328714	1.59473503057894
1.8495106506309	1.26453939613243
3.61421672558289	1.84491873562858
3.6346586557834	1.8553258883397
1.8454248882722	0.799787056747286
2.30015594068584	1.60177066341026
3.15287955310508	2.35370044227142
1.49120202764953	0.719350634116597
2.27859307864551	1.55802794413512
2.29832216092904	1.59921864317849
1.47698246672376	0.542024055808021
3.87026766975211	2.1610214642184
2.30133885306428	1.59682122417295
1.05858886038627	0.494139696873076
2.2968107827137	1.59891220246675
0.410491714755222	0.154868474596971
0.00191826707084694	0.000409511033814958
2.14655628894719	1.05472568990833
0.73545005728302	0.253972412392666
4.11428542153581	2.49144584714198
2.25849293017603	1.55172341684534
5.06211388286325	4.49064910593614
2.17803034335003	1.07076058217483
3.63492210161525	1.83930588660702
2.96855095188005	1.21030658406815
2.31329085220927	1.9497309954106
1.63018266015613	1.00619830876073
1.04988928656141	0.491646118998556
1.78395472596139	1.3513701953398
2.94446008605532	2.01691012006487
2.06157139623971	1.28505921878483
2.17515884924031	1.07525873219393
1.75770766552808	0.543018781716696
2.68806657002621	1.67319066333859
3.61434290314983	1.83320591802522
1.49848207380995	0.724078022462157
-0.79195245628506	0.305573021104212
1.85148933394225	0.800719142869435
2.30608200792632	1.94878099544823
3.32779879810264	1.52207681058344
3.33541143214173	1.53196761575756
0.712160124657324	0.281004633535774
1.83679076444614	0.787195320360877
2.67451726617381	1.65424073089263
0.699889738684764	0.27722560214444
2.42215099952119	1.33317185781884
2.45540555836469	1.36799770021233
1.75764050257383	0.543004073369426
1.48368879487586	0.546240604336868
3.33541143214173	1.53196761575756
1.49141599301295	0.545244321991601
2.96855095188005	1.21030658406815
2.50229157117169	0.889927661590642
2.97059711612895	1.20991308135464
1.83302582906444	0.791590729745002
3.33317222753892	1.53138081767327
1.75555893446021	0.542743073230609
1.75770766552808	0.543018781716696
1.843008466339	0.798906326303637
0.762342316616592	0.265652717344903
2.49522710447058	0.890017702653776
2.13523019026211	1.04878177341001
2.49728829596245	0.889565775291863
1.75094005932482	0.542463345063606
3.33317222753892	1.53138081767327
1.84968800637852	0.798101249663193
1.15810677427359	0.475109448779314
1.75764050257383	0.543004073369426
1.75770766552808	0.543018781716696
2.45672129721675	1.35482023169453
1.48190896411306	0.540795580276859
3.6200920890303	1.84619447992631
2.98315772137585	1.21070189819329
3.63479033442815	1.85518463689799
2.98315772137585	1.21070189819329
1.75764050257383	0.543004073369426
2.50443480768064	0.884545982785576
2.97582734285753	1.21719949420002
3.88221196505928	2.14474145502946
1.86028014107664	0.805245711650761
1.47832067730063	0.713337835578465
2.15710837481003	1.07444998988794
1.75094005932482	0.542463345063606
1.75555893446021	0.542743073230609
2.50222323843153	0.889938752296322
1.01278508246227	0.299336338162358
3.34099331313766	1.5360163282796
2.4219014063831	1.3405129455572
1.75555893446021	0.542743073230609
2.98094413280793	1.21189285207749
1.86041416631232	0.805216550019813
1.75555893446021	0.542743073230609
2.98308599983755	1.21915769529356
1.59023175706802	1.07783416379671
1.4791869598079	0.538911715906769
1.75770766552808	0.543018781716696
-0.461758044381229	0.118607522542676
1.83431543382442	0.791049700440985
2.97788714116164	1.2168188483315
1.75799946154242	1.32576589016237
2.0366596059739	1.27490583659808
1.75094005932482	0.542463345063606
3.61434290314983	1.83320591802522
1.75094005932482	0.542463345063606
3.62256250233248	1.84786898431926
1.48360711315385	0.546240628742936
3.61787988016051	1.84746185333061
2.15710837481003	1.07444998988794
3.61188561339073	1.84332795498656
3.86811678229089	2.16187617888073
2.50436633075736	0.88948111530497
1.75764050257383	0.543004073369426
1.75770766552808	0.543018781716696
1.01619083565889	0.302024028617816
1.7549878356063	0.966184018725158
2.13356739807816	1.04380758606842
0.277829632496978	0.0615704441338032
1.75770766552808	0.543018781716696
1.47601559734022	0.541776663789516
1.36474251549267	0.739861622608011
2.49522710447058	0.890017702653776
1.47478192594049	0.538623809982597
2.91817743787388	1.99292379501349
2.15155867937985	1.06017980917932
2.97582734285753	1.21719949420002
1.83315717888535	0.791611056658411
2.15105682881082	1.05944189995662
0.385122475434965	0.145468421109921
2.50436633075736	0.88948111530497
2.50429786101447	0.884526830812745
1.7770390751902	0.977089556124952
1.01612500462513	0.300540072641943
-1.44469783277489	0.400808259782783
-0.46563806002191	0.119060414236261
0.270491113479153	0.0744066914201544
1.00711243242006	0.30055824570249
1.48075338756376	0.539901966938539
2.68094461021748	1.66118301004158
2.50229157117169	0.889927661590642
1.84919529275275	0.8008898035587
2.67140572758979	1.63543949437966
1.48580244469922	0.546518943249233
3.63479033442815	1.85518463689799
3.60347253093826	1.82755579270948
2.49728829596245	0.889565775291863
2.98301428503119	1.21076700095985
2.71330763382378	1.67703597560233
2.45540555836469	1.36799770021233
4.10003860342279	2.49137237237348
0.710906239947928	0.279851183820594
3.87935114601972	2.17818627401572
0.27095510345299	0.0605888447038924
1.75094005932482	0.542463345063606
3.62859842512736	1.85881649144797
2.65153100854714	1.61748339992936
2.14847802516539	1.0642800188479
2.50429786101447	0.884526830812745
1.75555893446021	0.542743073230609
1.75764050257383	0.543004073369426
1.63121873600073	1.0044733644434
2.16578505654582	1.07722313169761
2.98301428503119	1.21076700095985
3.89189535922707	2.17576328305355
3.87265473307735	2.14706699680749
1.75764050257383	0.543004073369426
1.75094005932482	0.542463345063606
1.83015751691677	0.790238706476778
3.32335212212917	1.52318928383547
2.98523133612053	1.21036324165882
2.50443480768064	0.884545982785576
3.88839199738518	2.17651082998602
2.50229157117169	0.889927661590642
4.10003860342279	2.49137237237348
3.8679468661791	2.1617517046836
3.8858925339169	2.16492936379795
2.98515947931959	1.21039507908958
1.34066371851222	0.815377947553116
2.43241858530733	1.34683466225569
3.32762896086077	1.52218058677379
1.75770766552808	0.543018781716696
-1.32567432117833	0.482345162303365
2.0340939293849	1.25723583695248
1.75094005932482	0.542463345063606
2.50436633075736	0.88948111530497
2.40959106711268	1.33308379987519
0.768229446461053	0.264917840549559
3.32548901211188	1.53216201213628
2.49735614452642	0.88955465157768
2.97575625753571	1.21723443475527
1.48182720039235	0.54422022719409
2.44574865093547	2.58876329409987
1.75770766552808	0.543018781716696
1.83684664657014	0.791928760020377
3.32557352322832	1.5321480220701
2.98308599983755	1.21915769529356
1.00908470017421	0.300771436124191
0.280971150466873	0.0768206315965913
0.998511881482462	0.297373578337826
2.03753230877754	1.26631477916823
1.49337645266854	0.540891649481234
2.49032965257094	0.884837195328046
3.33334394368402	1.53127543672636
2.28265348575207	1.91043313317494
1.75764050257383	0.543004073369426
1.01612500462513	0.300540072641943
1.75555893446021	0.542743073230609
2.98101571279781	1.21185944436985
2.50436633075736	0.88948111530497
1.00380012984799	0.299354932466524
1.16827241633958	0.482176111291899
3.88552002777358	2.18179582641487
2.44824483787933	1.36713754957383
0.387466755766803	0.185116250042204
1.47291355179281	0.713743801362896
2.49728829596245	0.889565775291863
2.44110670992772	1.35730682598699
2.50436633075736	0.88948111530497
2.43453672220967	1.35657329388066
3.33102235073566	1.53296005905307
3.62376967644434	1.84629354954677
2.72189524065929	2.27214962947321
0.27095510345299	0.0605888447038924
0.273314822748713	0.0751784374223357
0.764911639470832	0.264720656206304
0.998797712011982	0.296935091699254
1.01619083565889	0.302024028617816
0.764911639470832	0.264720656206304
-0.205780790467671	0.0603307861547875
1.7858117446874	1.36648446607189
1.64109847269133	1.00830891842831
1.65113617315114	1.02314430407806
1.49875384742092	0.722598993184772
1.15240296067036	0.48280029550824
1.00914991727315	0.300778774375186
1.76271347765263	0.970874952498329
2.51899551037293	1.92144355054454
2.50443480768064	0.884545982785576
2.50429786101447	0.884526830812745
2.05003286041278	1.27750048649309
-0.970769280706783	0.304142846125188
1.75770766552808	0.543018781716696
-1.44625165176183	0.400878662120978
1.00711243242006	0.30055824570249
-0.0222437430087379	0.007038433027718
1.49354330462725	0.545539921588615
0.275425355065089	0.0755984844815436
0.758276371268919	0.259489775644446
4.30206616818049	2.82788394245179
1.47136363373887	0.710348162275551
3.33325806556061	1.54201506041654
0.292655541946973	0.0955488122965251
1.48572037570333	0.543068285391152
0.706797967891634	0.280079568865744
1.77555906591252	0.975970031653347
3.31785588117558	1.52050733538064
2.98523133612053	1.21036324165882
-0.203512515556767	0.0596789531111361
2.5001518399748	0.884739952295723
0.270409215862998	0.0743903960210842
1.00908470017421	0.300771436124191
2.97788714116164	1.2168188483315
-0.274320359858579	0.0963459974077234
3.33334394368402	1.53127543672636
2.97059711612895	1.20991308135464
1.35266525924637	0.729189011043214
3.12923135019747	2.32653025576159
1.07204550515411	0.501804682271478
3.87953530189968	2.1614309522466
1.77951033402607	0.981202717543828
2.17535542387779	1.07750516071599
2.90392531331541	1.9736958592123
3.32548901211188	1.53216201213628
2.04405177068493	1.27549340337763
2.98523133612053	1.21036324165882
1.78208144507731	0.966459109910075
2.16068278844707	1.06619912912344
1.00908470017421	0.300771436124191
1.47753424433075	0.540533016072505
0.291728973156742	0.0947494638145895
0.302463811189893	0.0988269205171611
2.44110670992772	1.35730682598699
1.85162090348127	0.805916351154778
2.07322042372194	1.28582168926697
3.63715454570885	1.85404655482227
2.43853364287687	1.35536784235524
3.35854007212945	2.74837715860983
3.63715454570885	1.85404655482227
2.96151928390106	2.02899000646317
4.13024678572729	2.48600287309807
3.32779879810264	1.52207681058344
2.70236745209157	1.67451018820186
1.15440067582344	0.479654806623859
3.88783022439167	2.15772189866056
2.95744518363902	2.01955410333181
3.62021974361749	1.85793877738993
1.8454248882722	0.799787056747286
3.15707099514263	2.35316284882067
0.754086750701476	0.261852944414734
2.04379403149778	1.28180244996663
2.98094413280793	1.21189285207749
1.86271789857249	1.27471883809856
2.50429786101447	0.884526830812745
2.49728829596245	0.889565775291863
3.62034748489401	1.84609842615201
2.97582734285753	1.21719949420002
4.10528680435813	2.50809810896078
3.6346586557834	1.8553258883397
3.87916711804442	2.17834935552438
1.75770766552808	0.543018781716696
1.75094005932482	0.542463345063606
1.75094005932482	0.542463345063606
1.75094005932482	0.542463345063606
-1.44469783277489	0.400808259782783
1.75764050257383	0.543004073369426
1.75764050257383	0.543004073369426
1.82446841771796	0.783834257462936
1.48912653018978	0.545257130565926
1.01619083565889	0.302024028617816
-0.218670239547713	0.0635656198628703
0.242843958284904	0.0676005554633534
2.96855095188005	1.21030658406815
0.261207755899619	0.0589147845480011
1.75555893446021	0.542743073230609
2.50443480768064	0.884545982785576
1.75094005932482	0.542463345063606
1.4851470412037	0.542969763307881
1.00711243242006	0.30055824570249
1.00914991727315	0.300778774375186
2.49522710447058	0.890017702653776
1.47056197523306	0.536896700968019
1.75764050257383	0.543004073369426
1.75555893446021	0.542743073230609
1.47811575942182	0.542045628908835
2.1633586943662	1.07724751776489
0.998511881482462	0.297373578337826
1.0162566729246	0.300567910184739
0.275766672384913	0.0612699467922861
3.61188561339073	1.84332795498656
2.97582734285753	1.21719949420002
1.75555893446021	0.542743073230609
-1.44625165176183	0.400878662120978
-0.468946024619843	0.120036435808549
2.50222323843153	0.889938752296322
1.75764050257383	0.543004073369426
1.1111940216738	0.661804038034346
0.835312243783512	0.429546067055892
4.09607062379576	2.49880396315422
2.0296402498073	1.26367701601655
0.269424565537998	0.0745088855497675
1.00209716595288	0.29812431681554
0.277829632496978	0.0615704441338032
-2.18198032586824	0.668110539612811
2.49032965257094	0.884837195328046
3.32779879810264	1.52207681058344
1.00582979254927	0.299573419397628
-0.486633475169716	0.123255153339382
2.49522710447058	0.890017702653776
1.75764050257383	0.543004073369426
2.49728829596245	0.889565775291863
1.01619083565889	0.302024028617816
1.85347920944713	0.801819374341242
2.15469414995064	1.06816137987062
0.268440944754134	0.0601502518751147
1.75094005932482	0.542463345063606
0.257039130505368	0.0582363726008951
1.843008466339	0.798906326303637
2.98515947931959	1.21039507908958
0.277829632496978	0.0615704441338032
0.27095510345299	0.0605888447038924
-2.16651097019495	0.662650493054776
0.996548065769997	0.297161184342288
2.49728829596245	0.889565775291863
1.75555893446021	0.542743073230609
3.31785588117558	1.52050733538064
1.57478688519701	1.07201743160777
1.75764050257383	0.543004073369426
1.49141599301295	0.545244321991601
1.77342280781458	0.977556000597106
1.85148933394225	0.800719142869435
1.13803320545268	0.469534777367275
0.273314822748713	0.0751784374223357
2.49032965257094	0.884837195328046
2.49032965257094	0.884837195328046
1.75770766552808	0.543018781716696
2.08926003700336	1.59011516751508
0.257262564392478	0.071240840255959
1.06117443077268	0.495715851270247
2.97582734285753	1.21719949420002
2.50229157117169	0.889927661590642
1.75094005932482	0.542463345063606
3.33541143214173	1.53196761575756
0.265522000059804	0.0731926076244275
0.257039130505368	0.0582363726008951
1.01080667983736	0.300589955859482
1.15052918495184	0.47833390613497
-3.0376592209972	1.18112833153549
1.47811575942182	0.542045628908835
1.00582979254927	0.299573419397628
1.75094005932482	0.542463345063606
1.776375202202	0.983575399279815
2.43480098752263	1.36390325337588
2.9736997409011	1.20994782869786
1.84664268915251	0.794411281207087
1.48360711315385	0.546240628742936
3.63095294339648	1.84464372090722
0.750556694777728	0.259976258569889
-0.463809055936162	0.119039014200391
1.75764050257383	0.543004073369426
1.75094005932482	0.542463345063606
1.75764050257383	0.543004073369426
1.75764050257383	0.543004073369426
0.998797712011982	0.296935091699254
1.83889997501842	0.797196923281718
1.15928724685163	0.480930735550636
1.62327798223648	0.98879405289277
2.50436633075736	0.88948111530497
1.75094005932482	0.542463345063606
2.9736997409011	1.20994782869786
2.50443480768064	0.884545982785576
1.75770766552808	0.543018781716696
0.275294863104864	0.0611273441331981
1.75764050257383	0.543004073369426
2.42076332423126	1.34631148168718
1.77308924786421	0.982402900631231
-2.16895042965372	0.666392355375991
3.34090613029766	1.52173259948346
2.13523019026211	1.04878177341001
2.49728829596245	0.889565775291863
1.75555893446021	0.542743073230609
0.275766672384913	0.0612699467922861
1.75555893446021	0.542743073230609
1.75770766552808	0.543018781716696
1.0162566729246	0.300567910184739
1.7630421677018	0.971099119013058
2.29223259880816	1.60139786719933
2.04343735915468	1.26846192595623
1.62659550771014	0.996988828468896
0.711026473649472	0.281545241878878
-0.22871810839277	0.065892534644455
0.707753607909169	0.280608582810145
1.75094005932482	0.542463345063606
2.49728829596245	0.889565775291863
0.991537410005855	0.294753147188354
1.75764050257383	0.543004073369426
3.62034748489401	1.84609842615201
1.75094005932482	0.542463345063606
1.00914991727315	0.300778774375186
2.42505725815388	1.35206423968328
1.48430171331483	0.716781577115619
2.1409936952345	1.04961734389535
1.90182835793461	1.32141245430151
1.01215654750589	0.299901226011272
1.47601559734022	0.541776663789516
3.31998296069723	1.52103682515885
2.68938555455043	1.66397785126358
1.85175256018831	0.800712046940515
2.05760297121709	1.28327007720687
1.49230640511338	0.721299880093667
1.36123097174071	0.824902733903962
4.12674223373117	2.50054133590294
2.13841654200683	1.05437294670665
1.00209716595288	0.29812431681554
-2.16651097019495	0.662650493054776
2.97795836628338	1.20838398745507
0.273314822748713	0.0751784374223357
1.75764050257383	0.543004073369426
1.49124992624023	0.54524125641358
1.00711243242006	0.30055824570249
2.96855095188005	1.21030658406815
1.86028014107664	0.805245711650761
1.75764050257383	0.543004073369426
1.77295171105196	0.977785991103455
1.45444302786246	0.690858586571817
1.46847817264671	0.708710438871602
2.08278896157624	1.58188797090936
1.75062448414324	0.961494715601022
-0.206932854753973	0.0605467223201376
0.716735573295759	0.283413979297682
1.48588455338373	0.543071205920836
3.61176026589059	1.84328671196905
1.75094005932482	0.542463345063606
1.75555893446021	0.542743073230609
1.00908470017421	0.300771436124191
0.27095510345299	0.0605888447038924
-0.224399067632867	0.0648711411151816
1.01420492883892	0.301808154798092
1.75555893446021	0.542743073230609
2.50443480768064	0.884545982785576
4.31705154004885	2.82182530297914
1.77602448503476	0.983546380525806
2.49735614452642	0.88955465157768
1.19663796657666	0.866823023327663
1.54899257272713	1.03691362952388
0.275766672384913	0.0612699467922861
1.76864603275888	0.97798619666796
2.9706677117996	1.20987851096081
2.27293022501753	1.56631033752179
-2.66432341179888	0.926895125606565
2.50436633075736	0.88948111530497
-0.460554696836458	0.11789676374043
0.766505644205962	0.26611626095563
1.01420492883892	0.301808154798092
-0.952669644838985	0.29712349761026
0.766505644205962	0.26611626095563
1.75094005932482	0.542463345063606
2.98301428503119	1.21076700095985
2.97575625753571	1.21723443475527
2.9736997409011	1.20994782869786
2.43876182712238	1.35506620669959
3.3389167219195	1.52695555590706
2.98301428503119	1.21076700095985
1.75094005932482	0.542463345063606
1.75770766552808	0.543018781716696
0.778075197914352	0.265925067943742
1.46548304901868	0.706839175520152
1.46011219595955	0.701867829812588
2.08776480108663	1.60057558010722
0.40399523887038	0.15178824122369
2.15451967448473	1.06809087865784
1.84118906939848	0.786151939911218
1.98364264198519	1.65151913265926
3.62269099737934	1.84772832248804
0.27095510345299	0.0605888447038924
1.14626692453125	0.475371308822502
2.9736997409011	1.20994782869786
2.2770389642622	1.57115550612803
-0.475094155036222	0.121335074361883
0.273239687474602	0.0608285591105441
-1.45292664985247	0.401908715419303
1.00914991727315	0.300778774375186
1.00209716595288	0.29812431681554
2.96855095188005	1.21030658406815
1.00914991727315	0.300778774375186
2.96855095188005	1.21030658406815
2.15242918287941	1.06328919780184
4.11565045982556	2.49804844476202
1.36603971452399	0.736314351285775
1.80873212868233	1.38743273162174
2.72270895175182	2.2834018959394
1.78657465330208	1.34623279413919
4.72594870576164	3.64979388980591
1.47811575942182	0.542045628908835
0.157122970240376	0.0569839438759574
2.68098427331409	1.65886545951476
4.88178385562051	4.04063805978599
1.3499870466038	0.728019596360258
1.76644999444805	1.46547934065873
2.5110425131273	1.91174471697352
1.64390242472426	1.00538806424964
2.70677925349103	1.68477942818577
-2.65447717825329	0.920435949702116
2.69885243910234	1.66696551227767
4.87762337883723	4.03322096833749
0.19503513607478	0.0804023383839571
1.34932383937244	0.715523437604072
0.841383649506803	0.434124711323591
0.264949046474084	0.0731867742205212
1.00576505188143	0.299566234938682
3.33532520133913	1.51771213771485
1.75764050257383	0.543004073369426
1.63327450401598	1.00622994930575
0.260035993273057	0.071688413663655
2.15683979634901	1.06792002437004
2.14830528385054	1.06421146068187
2.43403881618283	1.34855304938661
2.08256222739129	1.58131400146716
1.16563597418842	0.484085229596342
3.05232665468132	2.95508569537126
1.47153485776197	0.536458089570587
2.4303205089931	1.34370822666373
1.83671897641002	0.791909075531281
4.30206616818049	2.82788394245179
3.07135110469053	3.00651033213699
0.27095510345299	0.0605888447038924
2.30422784546752	1.60853145542895
1.79479014496026	0.992088466311135
2.4408186806104	1.36336569820566
3.61787988016051	1.84746185333061
1.54963560797149	1.25960038555389
2.4479743423291	1.36988632978862
1.04288464193036	0.486501751104354
-0.960466901601334	0.299969286263495
0.762213183555569	0.2656278755001
2.14830528385054	1.06421146068187
1.8455549604237	0.794644018180083
1.75094005932482	0.542463345063606
0.273239687474602	0.0608285591105441
1.75094005932482	0.542463345063606
2.50222323843153	0.889938752296322
2.97795836628338	1.20838398745507
2.17129315550804	1.06047502868695
1.06466513069361	0.564774382759764
1.07117925771402	0.497246919500258
2.48747516079016	1.88858912612482
2.69551596250688	1.68053377710298
2.31766603669203	2.30677950285893
1.85418200116997	0.801615556582217
1.1568424333289	0.482887939727352
1.48149694115442	0.542806343888936
3.33110779745691	1.53294727347721
2.52031796842071	1.92994641678621
2.68876427506121	1.66239042097334
1.1587389357113	0.483636242330212
2.68876890859944	1.6684968678525
3.32779879810264	1.52207681058344
2.05803756798656	1.28543024955273
2.44454057983513	1.35923071565026
0.755973044491222	0.262550605156726
1.75094005932482	0.542463345063606
0.266014741604683	0.0595934876220686
1.75094005932482	0.542463345063606
1.75555893446021	0.542743073230609
2.98308599983755	1.21915769529356
0.273239687474602	0.0608285591105441
2.69551596250688	1.68053377710298
1.06930648326862	0.563433157193057
3.53237035810894	3.1164894535927
3.36769640710496	2.75627062315594
2.95023659992208	2.02493187156675
2.30149188274738	1.59918475270386
2.69586826340897	1.68052369534617
3.62624682979578	1.86003016795935
2.89331785131028	2.62466053404165
2.50229157117169	0.889927661590642
0.275766672384913	0.0612699467922861
4.11190599296806	2.51543172958119
2.51754345208445	1.91292641270323
2.93680285655287	2.01956877448375
1.86276421537509	1.27172134499983
1.49133293961366	0.548708265550778
1.77224333994254	0.985545023779677
1.05077922919648	0.492639243545028
-0.97195474129289	0.302979430055503
1.84664268915251	0.794411281207087
2.5001518399748	0.884739952295723
3.32548901211188	1.53216201213628
2.49522710447058	0.890017702653776
2.14488396534162	1.05703357161107
3.32557352322832	1.5321480220701
2.98308599983755	1.21915769529356
0.754086750701476	0.261852944414734
1.77259742813727	0.972750567410589
1.85540731337861	0.798892926969442
2.50087002016537	2.28427641828289
2.14830528385054	1.06421146068187
1.35118597550367	0.736376443470436
1.75572271110257	0.956338915334592
4.51038240992115	3.22176004837781
1.85862386136112	0.795623291796121
0.268440944754134	0.0601502518751147
1.75094005932482	0.542463345063606
2.50229157117169	0.889927661590642
2.516600008028	1.92234705762242
0.667619181730476	0.335027703592047
2.50520798704656	1.91240162618817
1.03707319713086	0.483919430110087
1.47478192594049	0.538623809982597
1.85404958186626	0.801644273831349
-0.256713170659333	0.0914537758466375
3.31998296069723	1.52103682515885
-0.97195474129289	0.302979430055503
2.94032539863331	2.02085119559895
4.1153088532081	2.4909113045977
2.02840036527494	1.25564385818663
3.13913664929236	2.34414069940012
1.34963240980409	0.818226819611677
1.76884908224453	0.972759207534241
4.12144734407469	2.52061898441211
3.36099951033137	2.75262450500888
3.15683726522285	2.37562691733186
2.082152876623	1.58733788194567
4.90274117558523	4.06127266438157
1.47915371915788	0.70274458765776
2.12039223117421	1.61420573335139
1.44708590627367	0.690323940579932
1.31390835530579	0.786794883540537
1.46841761549865	0.711569980317915
3.88533396822906	2.16520317778757
2.9319893660852	2.01231684235705
2.49032965257094	0.884837195328046
1.64248015761102	1.01320154104662
2.43367960041009	1.35889542479816
1.00914991727315	0.300778774375186
3.57265166434382	4.44381288814785
3.6346586557834	1.8553258883397
2.42629931224858	1.34782227322922
3.62256250233248	1.84786898431926
1.15070309578543	0.475493175074804
1.86285599559708	0.801036121248774
2.15643004981724	1.06443880630692
2.03230910801167	1.25904246072673
1.33985634801847	0.80842865402252
1.34527085425362	0.722067470892512
3.33325806556061	1.54201506041654
1.8393415754835	0.793590308138252
2.93002156394521	1.98920409289253
1.87692273167215	1.29504784904985
1.01087190532143	0.30059721570225
2.30432477026249	1.60277503475075
2.9706677117996	1.20987851096081
1.8454248882722	0.799787056747286
3.87301837918885	2.16339343382966
3.86210462329579	2.15527297709251
3.89108275806561	2.15972009594534
1.75094005932482	0.542463345063606
1.84046659929692	0.793920994239666
1.48742969097263	0.542956700031624
1.35714547672509	0.724865836990442
2.93292635770559	2.00455966358846
1.84176326063295	0.7985532729813
4.53426123830985	3.25616983082167
-0.205780790467671	0.0603307861547875
2.93500427560418	2.00254934610001
2.71298437880884	2.26839705894516
2.51011996279573	1.92287768182081
4.90546719817414	4.07184740455747
2.41902181517001	1.33126934663388
2.69551596250688	1.68053377710298
1.75764050257383	0.543004073369426
2.15451967448473	1.06809087865784
3.89459030679106	2.17854789388509
2.49735614452642	0.88955465157768
1.1455116082516	0.474260376097724
4.10816724508119	2.49895299022794
3.88570621631725	2.1816338110061
4.12409361572804	2.51661570931987
4.33416600950413	2.87313947205562
4.30238906415132	2.82833672994546
0.547178508809434	0.239267577168598
1.49141599301295	0.545244321991601
2.50229157117169	0.889927661590642
1.46706785423502	0.710956897943206
1.86041416631232	0.805216550019813
2.06017924605987	1.28064707618965
2.45485879795773	1.36816724587922
2.68726819642439	2.22091215677678
1.62445326089111	0.995289574344826
1.47264258032364	0.709695581754314
2.45672129721675	1.35482023169453
1.34317813671693	0.726440561797634
-0.436759155086158	0.171296385237354
2.66294524920383	2.65341127782073
1.85784218175575	0.805382441220241
2.29780496634754	1.5966971201119
1.75764050257383	0.543004073369426
0.275766672384913	0.0612699467922861
0.663306383281654	0.335808858825646
1.00711243242006	0.30055824570249
1.48074301251683	0.714898482371746
2.6961240461949	1.67277093811563
1.15410472391935	0.475442197472062
2.28397940850314	1.58540898383877
2.68535482756988	1.66391223435542
0.192305730338716	0.069285271963338
-0.540668033763429	0.184616101840335
0.726236777534406	0.287458754071192
0.775356509998776	0.268926976170549
0.723304199002371	0.286689674912379
1.01215654750589	0.299901226011272
2.16318164328193	1.0708635155511
4.12118864433209	2.51622387352666
1.56460110734743	1.05325199404738
1.0545887984096	0.492400755425865
0.769206077912951	0.265215339047695
3.3288755625614	1.5209398068047
2.16863963898091	1.07259410995789
2.4274458766574	1.3508213803802
2.70776653905545	2.25199935315362
1.47807593740405	0.717304569998487
1.83889997501842	0.797196923281718
0.753252132036494	0.258395600733459
0.517316624474204	0.224489524625386
2.70986141384745	1.68630320658622
1.84739298368709	0.797172134757188
1.14609302315633	0.478229586835545
2.15260446548481	1.06963547463901
1.33492573022011	0.807600141059962
2.70382210875146	2.26311488575588
2.71392615518399	1.68699680211043
1.89139616780942	1.29603060046303
1.48737099757806	0.719263468697287
2.68696903692263	1.64707682541788
0.753954041313028	0.261827418871127
1.48734698326934	0.546397404015484
0.754104938089927	0.342062119558211
2.06592770414908	1.55650049631852
1.78951645142913	1.3648219435665
2.03343241138855	1.26481272598461
2.15710837481003	1.07444998988794
2.15952557920669	1.06962376157216
1.48955087037364	0.543250155383855
2.13842581929354	1.05439382358322
1.86041416631232	0.805216550019813
1.6344175218616	1.00375003000535
4.33141317548791	2.87641389339582
3.32335212212917	1.52318928383547
-2.16651097019495	0.662650493054776
2.42952893876645	1.35390136761765
0.865966619024854	0.445390686016933
2.28951725909678	1.58025514253722
3.71614362787962	3.53262701666007
2.4479743423291	1.36988632978862
0.714857294852296	0.282233482241152
1.34904838940203	0.816787540574183
1.8452949025581	0.794650534013149
1.90036880480542	1.3157266026951
2.64693253862327	2.6379340550132
2.70502589124079	1.66179233313038
2.72699464841856	2.28189654560283
1.04662029367803	0.491856656364786
4.09717103308913	2.47279910118935
1.64200736475217	1.01626214682454
2.69077732279229	1.65316312443465
1.01413922566918	0.301800740681979
-0.209509283593418	0.0609885444359202
-0.217636100545401	0.0636213991177075
1.3578730107437	0.737315914287436
1.04684216409295	0.488345786680933
3.57458265355236	3.16431395192867
2.0575375796263	1.26637006549248
1.80440634658891	1.3693485893644
2.29832216092904	1.59921864317849
2.72046978179633	1.68648844320297
2.48152029574131	2.258792761403
2.04775419648374	1.28146051453342
1.78601464282218	1.36006346287225
2.43738259508214	1.35338752821373
1.84885577421651	1.26366657543962
2.9319893660852	2.01231684235705
0.692260441969783	0.274140908105296
0.719412738941406	0.284443972180573
1.31572885744972	0.870841312919867
1.8802309785085	1.29580059567103
4.33863594067536	2.87396546337639
2.97575625753571	1.21723443475527
3.88570621631725	2.1816338110061
3.87043839477999	2.17328270515291
0.212178554371391	0.0875607909821227
1.33486236581228	0.713777895649
1.57289188077268	1.18970285381305
2.98315772137585	1.21070189819329
3.3288755625614	1.5209398068047
0.27095510345299	0.0605888447038924
0.83868314149507	0.430400685025558
4.73065495314863	3.65279281017057
2.04379403149778	1.28180244996663
2.14140737804211	1.05329027517992
2.88058069873811	2.60763600859464
1.47522677405033	0.537744448264708
1.75555893446021	0.542743073230609
1.84418800533719	0.794351254448838
0.680975764481383	0.340704365865329
3.62846843331117	1.84292557039246
1.46300302016727	0.699541107491623
0.758413027067459	0.259517592284797
1.75555893446021	0.542743073230609
0.187263185765641	0.0673980906316785
2.44825298241222	1.3526117783329
1.75764050257383	0.543004073369426
4.69923137316715	3.6015153517352
4.12785742970044	2.51083038078276
1.56797830452073	1.05523535630644
3.86441760506007	2.15752741764702
2.66597810241765	1.64122851986079
1.87387242555605	1.29346782010972
2.71392615518399	1.68699680211043
2.1684452664869	1.07035315094416
1.46871931305233	0.708817154892419
2.43025746564149	1.35088228779098
1.34318223239861	0.725218211527078
2.56429620175595	2.88739126772149
3.62859842512736	1.85881649144797
2.28831390625171	1.57683267400853
2.14731051276611	1.06465232191961
2.16535983465014	1.0706509296437
0.275294863104864	0.0611273441331981
1.48211177182325	0.701366182956877
4.71351614849953	3.63913158905377
2.16318164328193	1.0708635155511
1.06047599285027	0.557801960617482
1.63338269398311	1.00941873863529
2.70265515568094	1.68160693237407
2.91859804958308	2.00190472756252
2.49735614452642	0.88955465157768
1.75555893446021	0.542743073230609
1.4735386231173	0.713847675345113
3.33334394368402	1.53127543672636
2.68063907578003	1.65887676824487
4.13103620203657	2.51439775791302
1.85784218175575	0.805382441220241
1.55941556260602	1.05392734223181
4.11479676547932	2.51575609838313
3.73804167785655	3.55943560758658
2.04732220035481	1.28362013576664
4.50363071726828	3.19673504711914
1.47336029999362	0.707843902604522
0.275766672384913	0.0612699467922861
3.62859842512736	1.85881649144797
2.69893866771773	1.68200704702191
2.93241773500031	2.01548209426489
4.11854618014413	2.51677884917546
2.45087326063034	1.3627596930691
4.32214363781384	2.84847401106499
2.03898194457202	1.26285119628622
2.53344795870978	1.93159950617661
2.04063754797752	1.26967344531434
2.95473524441864	2.02684592911792
1.06877859460314	0.49999868549999
1.7801501459566	0.980593009344409
3.61775297609661	1.84741858259067
2.97788714116164	1.2168188483315
2.13972333451586	1.05347648579836
2.05355312782917	1.27493461190367
3.61421672558289	1.84491873562858
3.62859842512736	1.85881649144797
2.9358650130491	2.00750653237869
3.88302539718483	2.17888124906886
-0.167145617774762	0.0645223553830358
3.62885867208462	1.84262842056281
1.77277660718144	0.980102747783968
2.142047486626	1.05030732766404
1.58300201772119	1.07658061168333
1.64267487750255	1.00317354239125
2.98301428503119	1.21076700095985
3.82405156120862	3.8254724549901
1.88835772585611	1.3082159717476
3.63479033442815	1.85518463689799
0.261207755899619	0.0589147845480011
2.49522710447058	0.890017702653776
2.50436633075736	0.88948111530497
2.97582734285753	1.21719949420002
3.89089416683901	2.16716393559391
1.00209716595288	0.29812431681554
1.17348657551777	0.779192764221
2.50443480768064	0.884545982785576
2.98308599983755	1.21915769529356
1.14675613207961	0.475724470536194
3.6200920890303	1.84619447992631
2.16151487297784	1.07239302477351
3.88034952240723	2.16169783759322
1.35227878237639	0.999768790211158
1.47601559734022	0.541776663789516
2.15664318404283	1.06797150836529
2.97575625753571	1.21723443475527
-0.199897904394228	0.0584333026619929
1.75094005932482	0.542463345063606
2.9363725166462	2.01952464845654
3.3343202073038	2.70981609107941
2.98094413280793	1.21189285207749
3.87668059999453	2.17882243459861
0.714682814231198	0.28160678137457
4.09979022796239	2.49108832473986
3.1745918022945	2.3934925492789
2.6884106675495	1.66850482450793
2.50229157117169	0.889927661590642
1.7801501459566	0.980593009344409
2.15105682881082	1.05944189995662
2.16132128868663	1.07244379843492
2.5001518399748	0.884739952295723
1.8684316817272	1.29469868472766
4.31873607355656	2.86119967449816
4.70984065876458	3.63897907856302
1.48588455338373	0.543071205920836
-0.0164431251265134	0.00542747219755378
2.96855095188005	1.21030658406815
3.63728708314441	1.84960962585221
3.17928091259888	2.38586965966841
2.54117764556227	1.94545219290098
2.16802952899354	1.07259138731156
2.2982790169211	1.5979105668255
2.15195371836478	1.06021719574165
2.95157645944303	2.0246604509478
1.75846470909952	0.972557407804463
2.15970179127997	1.06956052886599
1.77178813050287	0.975653796523802
1.77308924786421	0.982402900631231
4.72971631801216	3.65965732397954
2.7166510972337	1.68325621980861
1.76705421737171	0.964302366602593
2.16315112503732	1.05965765215413
1.77673013480631	0.987698982618443
2.94841976098993	2.01167814304064
2.16353584153962	1.07087434612375
3.0663835982907	2.99796782879671
2.79516738014039	2.9704652281195
0.744545444203106	0.33654537682591
1.48190896411306	0.540795580276859
0.269424565537998	0.0745088855497675
0.765256534508911	0.26369792466029
1.89991397948769	1.31880520695875
2.68533750541806	1.6648228940789
4.11190599296806	2.51543172958119
2.44824483787933	1.36713754957383
3.71349574612593	3.52134389648353
3.87686357175941	2.16653611031038
1.04001403717214	0.483154937215449
2.50436633075736	0.88948111530497
-0.211538602697741	0.06164579796967
1.49133293961366	0.548708265550778
3.36277417656968	2.73699144641716
2.89409451907593	2.62430424267398
4.32421843860528	2.86286685993171
3.33882989516732	1.53757399564911
2.15728376447347	1.06806466912847
2.44191707653043	1.36635733839077
2.93676044601648	2.01795437599351
1.6447750970594	1.56932820213175
0.853187437250653	0.437695376653932
5.05928097395227	4.48909446962918
2.0286950083619	1.26275266388221
0.304047948939708	0.0991565568228812
2.30466358852573	1.592577318516
2.49522710447058	0.890017702653776
2.97788714116164	1.2168188483315
2.04640720440754	1.26153947247891
-0.472131224739312	0.120300371034491
1.81657308096505	1.38899621929264
3.33541143214173	1.53196761575756
2.49728829596245	0.889565775291863
2.24437837786221	1.52898409430784
2.9231981820984	1.99448121684774
2.04069979417645	1.27842104013526
1.75764050257383	0.543004073369426
1.47153485776197	0.536458089570587
4.11743556038825	2.5023247924664
2.50229157117169	0.889927661590642
1.16318172559159	0.483730112143147
2.43084629918939	1.35346557655678
3.87165450723494	2.14696917488471
2.98101571279781	1.21185944436985
2.51062578226171	1.90783106958702
2.68466109606234	1.66357705803622
2.49728829596245	0.889565775291863
2.45635870689203	2.2311863861195
2.95665412925924	2.003230728479
3.6200920890303	1.84619447992631
3.14619772180692	2.35248484131129
4.10528680435813	2.50809810896078
2.15693308038143	1.06805657235513
1.80538375178652	1.38091603151322
3.07840594268315	3.042455849593
1.56563590476663	1.17769796358772
1.48149694115442	0.542806343888936
1.47393674471027	0.710751441965271
3.88147135517061	2.14533290554084
4.10553822150173	2.50794845729094
2.97582734285753	1.21719949420002
2.41380575370498	1.33836187631211
3.15052627932898	2.36448972546801
1.36872985254844	0.74487444693285
1.7715181135259	1.84088342590212
1.75555893446021	0.542743073230609
2.43768508247982	1.36466845719676
2.08784579594085	1.59796391286737
1.47811575942182	0.542045628908835
2.4274458766574	1.3508213803802
2.97575625753571	1.21723443475527
2.17515884924031	1.07525873219393
3.87935114601972	2.17818627401572
2.50229157117169	0.889927661590642
1.46696809884867	0.708379750516778
3.16441377397524	2.38292677006926
2.42796878770968	1.35096780971913
2.03738670153725	1.27027531243413
1.84276021705559	1.79846996019581
3.62021974361749	1.85793877738993
1.47601559734022	0.541776663789516
3.87916711804442	2.17834935552438
0.283095085546037	0.0769064741634722
1.14716727423419	0.475240509750597
4.11743556038825	2.5023247924664
1.03237557840776	0.479740891401555
1.48912653018978	0.545257130565926
2.03623357988484	1.27484103438695
3.8706092145261	2.16097134959522
1.78364135050121	0.988381125180896
2.50229157117169	0.889927661590642
3.32557352322832	1.5321480220701
0.273239687474602	0.0608285591105441
2.03590797596431	1.26320384278879
1.85770901370383	0.800232386358482
1.83431543382442	0.791049700440985
2.49522710447058	0.890017702653776
1.48074301251683	0.714898482371746
3.32771385959749	1.53270684917875
1.77915785255012	0.97939819630658
2.50429786101447	0.884526830812745
1.48278932919922	0.540194113693288
0.261207755899619	0.0589147845480011
2.50429786101447	0.884526830812745
1.75764050257383	0.543004073369426
0.777942769156173	0.267994731767472
0.757561490071933	0.340844664259496
0.261241519489346	0.0722496317558464
2.44030463768256	1.3461119076032
2.9778159226856	1.20844922023267
2.49728829596245	0.889565775291863
3.33658321479088	1.52553435768262
1.13282452200883	0.468227440648937
1.35978192876991	0.9200911599584
1.0323201599953	0.483768191392474
1.85162090348127	0.805916351154778
2.98094413280793	1.21189285207749
1.75094005932482	0.542463345063606
0.370437054387484	0.139964566222954
4.50055290812549	3.19178614861809
1.66463031803208	1.0124373973659
1.76944094501295	0.969230815353775
2.14847802516539	1.0642800188479
1.60092693361525	1.08770354214887
2.68466109606234	1.66357705803622
3.31785588117558	1.52050733538064
1.75555893446021	0.542743073230609
1.75770766552808	0.543018781716696
1.48368879487586	0.546240604336868
2.29353957707369	1.59168651567149
2.44409365365271	1.35722409619855
1.84046659929692	0.793920994239666
2.44191707653043	1.36635733839077
2.97582734285753	1.21719949420002
1.00560458375811	0.298620807881837
1.75770766552808	0.543018781716696
2.98523133612053	1.21036324165882
2.50222323843153	0.889938752296322
1.15928724685163	0.480930735550636
1.75770766552808	0.543018781716696
1.0162566729246	0.300567910184739
3.63715454570885	1.85404655482227
0.830362266600707	0.426656450040914
-0.259702049729747	0.0920515120017692
1.13738774118243	0.472289067758675
2.9736997409011	1.20994782869786
1.48413209320488	0.710560698845266
1.76144563796246	0.968771614490215
2.69551596250688	1.68053377710298
1.63174341756832	1.00151578987185
2.97582734285753	1.21719949420002
3.61434290314983	1.83320591802522
1.00711243242006	0.30055824570249
1.48580244469922	0.546518943249233
1.4767736386356	0.715573451354077
1.14449572816145	0.475419616476456
1.75555893446021	0.542743073230609
3.32779879810264	1.52207681058344
1.13922803072246	0.471474154289811
-2.17139674355193	0.663023895669493
2.50229157117169	0.889927661590642
1.75764050257383	0.543004073369426
2.14488396534162	1.05703357161107
1.00362713577511	0.298405749146998
4.53790823275629	3.24883342708807
0.696733862478477	0.274863380955995
1.49354330462725	0.545539921588615
1.48190896411306	0.540795580276859
1.75764050257383	0.543004073369426
2.42483379138084	1.35026225849857
0.755403339024567	0.341273719673248
1.75764050257383	0.543004073369426
-1.59555144084885	0.654974260604701
2.49728829596245	0.889565775291863
1.83392547264298	0.785854509168641
1.77734267001821	0.972998638361311
1.48572037570333	0.543068285391152
1.75770766552808	0.543018781716696
1.64927117166244	1.01007672385019
1.75878599502497	0.967458325884144
1.48174547633367	0.540792883395931
2.42348994406212	1.34316583573494
1.75911329616489	0.962687584713057
3.62624682979578	1.86003016795935
0.764911639470832	0.264720656206304
0.750556694777728	0.259976258569889
1.34360494065018	0.725493971278514
2.05003286041278	1.27750048649309
1.86014620409561	0.798255270244439
1.75770766552808	0.543018781716696
1.15440067582344	0.479654806623859
1.49133293961366	0.548708265550778
1.47303771126458	0.540865931496221
1.47542311609302	0.712736379698655
1.48734698326934	0.546397404015484
1.84287923335934	0.798886234765707
1.14348958033968	0.477271945781014
2.50222323843153	0.889938752296322
3.86424859598182	2.14539697663559
1.84798213306273	0.798051853479819
2.03695406077658	1.26424300274347
2.97788714116164	1.2168188483315
3.85611617689043	2.13866230281147
1.03938627382391	0.485925174191633
2.17001444981388	1.06912443858015
3.31785588117558	1.52050733538064
2.50429786101447	0.884526830812745
