group	x	y	clickSelects
12038	-45.25	48.75	341
12038	-45.25	49.25	341
12038	-39.75	49.25	341
12038	-39.75	48.75	341
12038	-40.25	48.25	341
12038	-40.25	47.75	341
12038	-39.75	47.75	341
12038	-39.25	48.25	341
12038	-39.25	49.25	341
12038	-36.75	49.25	341
12038	-36.25	48.75	341
12038	-36.25	48.25	341
12038	-37.25	48.25	341
12038	-38.25	47.25	341
12038	-38.25	46.25	341
12038	-38.75	45.75	341
12038	-38.75	45.25	341
12038	-37.75	45.25	341
12038	-37.75	43.75	341
12038	-38.75	42.75	341
12038	-39.75	42.75	341
12038	-39.75	42.25	341
12038	-39.25	41.75	341
12038	-38.75	41.75	341
12038	-38.25	42.25	341
12038	-37.75	42.25	341
12038	-37.25	41.75	341
12038	-36.75	41.75	341
12038	-36.75	43.75	341
12038	-36.25	44.25	341
12038	-36.25	45.25	341
12038	-33.75	47.75	341
12038	-32.75	47.75	341
12038	-31.25	49.25	341
12038	-25.75	49.25	341
12038	-25.75	48.25	341
12038	-25.25	47.75	341
12038	-25.25	46.25	341
12038	-26.25	46.25	341
12038	-26.25	45.75	341
12038	-25.75	45.25	341
12038	-25.75	43.25	341
12038	-24.75	43.25	341
12038	-23.75	42.25	341
12038	-23.25	42.25	341
12038	-23.25	43.25	341
12038	-22.75	43.25	341
12038	-21.25	41.75	341
12038	-20.25	41.75	341
12038	-20.25	41.25	341
12038	-20.75	40.75	341
12038	-20.75	40.25	341
12038	-19.75	39.25	341
12038	-19.25	39.25	341
12038	-18.75	39.75	341
12038	-17.75	39.75	341
12038	-17.75	40.75	341
12038	-17.25	41.25	341
12038	-16.75	41.25	341
12038	-16.25	40.75	341
12038	-16.25	40.25	341
12038	-17.25	39.25	341
12038	-17.25	37.75	341
12038	-16.75	37.25	341
12038	-16.25	37.25	341
12038	-15.75	37.75	341
12038	-14.75	37.75	341
12038	-14.75	38.75	341
12038	-13.75	38.75	341
12038	-13.25	39.25	341
12038	-12.75	39.25	341
12038	-12.75	38.75	341
12038	-13.25	38.25	341
12038	-13.25	37.75	341
12038	-12.75	37.25	341
12038	-11.75	37.25	341
12038	-11.25	36.75	341
12038	-10.25	36.75	341
12038	-9.25	35.75	341
12038	-9.25	34.75	341
12038	-8.75	34.75	341
12038	-8.25	35.25	341
12038	-7.75	35.25	341
12038	-6.75	34.25	341
12038	-6.75	32.75	341
12038	-8.25	32.75	341
12038	-8.25	33.25	341
12038	-7.75	33.75	341
12038	-7.75	34.25	341
12038	-8.25	34.25	341
12038	-8.75	33.75	341
12038	-9.25	33.75	341
12038	-9.75	34.25	341
12038	-10.25	34.25	341
12038	-10.75	33.75	341
12038	-10.75	33.25	341
12038	-9.75	33.25	341
12038	-9.25	32.75	341
12038	-9.25	32.25	341
12038	-10.25	32.25	341
12038	-10.25	31.25	341
12038	-11.75	31.25	341
12038	-12.25	31.75	341
12038	-13.25	31.75	341
12038	-13.75	32.25	341
12038	-14.25	32.25	341
12038	-14.25	31.25	341
12038	-15.25	30.25	341
12038	-15.25	29.25	341
12038	-15.75	29.25	341
12038	-16.25	29.75	341
12038	-16.25	30.75	341
12038	-18.25	30.75	341
12038	-18.75	31.25	341
12038	-19.25	31.25	341
12038	-19.75	30.75	341
12038	-20.25	30.75	341
12038	-20.25	31.25	341
12038	-19.75	31.75	341
12038	-19.75	32.25	341
12038	-20.75	33.25	341
12038	-21.75	33.25	341
12038	-22.75	34.25	341
12038	-22.75	35.25	341
12038	-24.25	35.25	341
12038	-24.75	34.75	341
12038	-24.75	33.75	341
12038	-26.25	33.75	341
12038	-26.75	34.25	341
12038	-27.25	34.25	341
12038	-27.75	33.75	341
12038	-27.75	33.25	341
12038	-26.75	33.25	341
12038	-26.75	32.75	341
12038	-27.25	32.25	341
12038	-27.25	30.75	341
12038	-26.25	30.75	341
12038	-25.75	30.25	341
12038	-24.75	30.25	341
12038	-24.75	29.25	341
12038	-23.75	28.25	341
12038	-23.75	27.75	341
12038	-24.75	27.75	341
12038	-24.75	26.75	341
12038	-25.75	26.75	341
12038	-26.25	26.25	341
12038	-26.25	25.25	341
12038	-29.25	25.25	341
12038	-29.75	24.75	341
12038	-29.75	21.25	341
12038	-29.25	21.25	341
12038	-28.75	21.75	341
12038	-27.75	21.75	341
12038	-27.25	22.25	341
12038	-26.25	22.25	341
12038	-26.25	22.75	341
12038	-26.75	23.25	341
12038	-26.75	23.75	341
12038	-25.75	23.75	341
12038	-25.25	24.25	341
12038	-24.75	24.25	341
12038	-24.25	23.75	341
12038	-23.75	23.75	341
12038	-23.25	24.25	341
12038	-21.75	24.25	341
12038	-21.75	22.75	341
12038	-22.25	22.75	341
12038	-22.75	23.25	341
12038	-23.25	23.25	341
12038	-23.25	22.75	341
12038	-22.75	22.25	341
12038	-22.75	21.75	341
12038	-24.25	20.25	341
12038	-25.25	20.25	341
12038	-26.25	19.25	341
12038	-26.25	18.75	341
12038	-25.75	18.75	341
12038	-25.25	19.25	341
12038	-24.75	19.25	341
12038	-24.75	18.75	341
12038	-25.75	17.75	341
12038	-25.75	17.25	341
12038	-24.75	17.25	341
12038	-24.75	16.25	341
12038	-24.25	16.25	341
12038	-23.75	16.75	341
12038	-23.75	19.75	341
12038	-23.25	20.25	341
12038	-22.75	20.25	341
12038	-22.75	19.25	341
12038	-22.25	18.75	341
12038	-22.25	17.75	341
12038	-20.25	17.75	341
12038	-19.75	17.25	341
12038	-19.75	16.25	341
12038	-18.25	16.25	341
12038	-17.75	16.75	341
12038	-17.75	17.25	341
12038	-18.75	17.25	341
12038	-18.75	19.25	341
12038	-19.25	19.75	341
12038	-19.25	20.75	341
12038	-19.75	20.75	341
12038	-20.25	20.25	341
12038	-20.25	19.25	341
12038	-20.75	19.25	341
12038	-21.75	20.25	341
12038	-21.75	20.75	341
12038	-20.75	20.75	341
12038	-20.25	21.25	341
12038	-20.25	22.75	341
12038	-20.75	23.25	341
12038	-20.75	23.75	341
12038	-19.25	23.75	341
12038	-18.75	23.25	341
12038	-17.75	23.25	341
12038	-16.25	21.75	341
12038	-16.25	20.75	341
12038	-15.75	20.25	341
12038	-15.75	19.75	341
12038	-16.25	19.25	341
12038	-16.25	17.75	341
12038	-15.75	17.25	341
12038	-15.75	16.75	341
12038	-16.25	16.25	341
12038	-16.25	15.75	341
12038	-15.25	14.75	341
12038	-14.75	14.75	341
12038	-14.75	15.75	341
12038	-13.25	15.75	341
12038	-13.25	15.25	341
12038	-13.75	14.75	341
12038	-13.75	13.75	341
12038	-14.75	13.75	341
12038	-15.25	13.25	341
12038	-16.25	13.25	341
12038	-17.75	11.75	341
12038	-18.25	11.75	341
12038	-18.25	12.25	341
12038	-17.25	13.25	341
12038	-17.25	13.75	341
12038	-18.75	13.75	341
12038	-18.75	12.75	341
12038	-19.75	12.75	341
12038	-19.75	12.25	341
12038	-18.75	11.25	341
12038	-18.75	10.75	341
12038	-19.75	9.75	341
12038	-21.25	9.75	341
12038	-21.25	11.75	341
12038	-22.25	11.75	341
12038	-23.25	12.75	341
12038	-23.75	12.75	341
12038	-23.75	12.25	341
12038	-22.25	10.75	341
12038	-22.25	10.25	341
12038	-22.75	9.75	341
12038	-22.75	9.25	341
12038	-22.25	8.75	341
12038	-22.25	8.25	341
12038	-22.75	7.75	341
12038	-24.25	7.75	341
12038	-25.75	9.25	341
12038	-26.25	9.25	341
12038	-26.25	8.75	341
12038	-25.75	8.25	341
12038	-25.75	7.25	341
12038	-24.75	7.25	341
12038	-24.75	6.25	341
12038	-23.75	6.25	341
12038	-23.75	5.75	341
12038	-24.25	5.25	341
12038	-26.25	5.25	341
12038	-26.25	4.25	341
12038	-27.25	3.25	341
12038	-27.25	2.75	341
12038	-26.25	2.75	341
12038	-25.75	2.25	341
12038	-25.75	1.75	341
12038	-27.25	1.75	341
12038	-27.75	2.25	341
12038	-28.75	2.25	341
12038	-28.75	3.25	341
12038	-29.75	3.25	341
12038	-30.25	3.75	341
12038	-30.25	4.75	341
12038	-31.25	5.75	341
12038	-32.25	5.75	341
12038	-33.25	6.75	341
12038	-35.25	6.75	341
12038	-35.25	7.25	341
12038	-34.75	7.75	341
12038	-33.75	7.75	341
12038	-33.25	8.25	341
12038	-33.25	8.75	341
12038	-33.75	9.25	341
12038	-33.75	9.75	341
12038	-33.25	9.75	341
12038	-31.75	8.25	341
12038	-31.25	8.25	341
12038	-31.25	9.25	341
12038	-30.75	9.25	341
12038	-29.75	8.25	341
12038	-29.25	8.25	341
12038	-29.25	8.75	341
12038	-30.25	9.75	341
12038	-30.25	10.25	341
12038	-28.75	11.75	341
12038	-28.25	11.75	341
12038	-28.25	11.25	341
12038	-28.75	10.75	341
12038	-28.75	10.25	341
12038	-28.25	10.25	341
12038	-27.75	10.75	341
12038	-26.25	10.75	341
12038	-25.25	9.75	341
12038	-24.75	9.75	341
12038	-24.75	10.75	341
12038	-24.25	11.25	341
12038	-24.25	11.75	341
12038	-26.25	11.75	341
12038	-26.25	13.75	341
12038	-28.25	13.75	341
12038	-28.75	14.25	341
12038	-29.25	14.25	341
12038	-30.25	13.25	341
12038	-30.75	13.25	341
12038	-30.75	14.25	341
12038	-31.25	14.25	341
12038	-31.75	13.75	341
12038	-31.75	12.75	341
12038	-33.25	12.75	341
12038	-33.25	13.25	341
12038	-32.75	13.75	341
12038	-32.75	14.25	341
12038	-34.25	14.25	341
12038	-34.25	13.25	341
12038	-35.25	13.25	341
12038	-35.75	12.75	341
12038	-36.25	12.75	341
12038	-36.25	13.25	341
12038	-35.25	14.25	341
12038	-35.25	15.75	341
12038	-37.25	17.75	341
12038	-38.25	17.75	341
12038	-38.25	18.75	341
12038	-38.75	18.75	341
12038	-39.75	17.75	341
12038	-40.75	17.75	341
12038	-40.75	17.25	341
12038	-40.25	16.75	341
12038	-39.25	16.75	341
12038	-39.25	15.25	341
12038	-39.75	15.25	341
12038	-40.25	15.75	341
12038	-41.75	15.75	341
12038	-41.75	15.25	341
12038	-41.25	14.75	341
12038	-41.25	13.75	341
12038	-40.75	13.25	341
12038	-40.75	12.75	341
12038	-41.75	12.75	341
12038	-41.75	11.75	341
12038	-42.25	11.75	341
12038	-42.75	12.25	341
12038	-42.75	12.75	341
12038	-42.25	13.25	341
12038	-42.25	14.75	341
12038	-43.25	14.75	341
12038	-43.25	15.75	341
12038	-44.25	15.75	341
12038	-45.25	16.75	341
12038	-45.25	18.25	341
12038	-44.75	18.75	341
12038	-44.25	18.75	341
12038	-43.75	18.25	341
12038	-43.25	18.25	341
12038	-43.25	18.75	341
12038	-43.75	19.25	341
12038	-43.75	19.75	341
12038	-43.25	19.75	341
12038	-42.75	19.25	341
12038	-41.75	19.25	341
12038	-41.25	18.75	341
12038	-39.75	18.75	341
12038	-37.75	20.75	341
12038	-37.25	20.75	341
12038	-37.25	20.25	341
12038	-37.75	19.75	341
12038	-37.75	19.25	341
12038	-37.25	18.75	341
12038	-36.25	18.75	341
12038	-36.25	17.75	341
12038	-35.75	17.75	341
12038	-34.25	19.25	341
12038	-34.25	20.25	341
12038	-33.25	20.25	341
12038	-32.75	20.75	341
12038	-32.75	21.25	341
12038	-33.25	21.75	341
12038	-33.25	22.75	341
12038	-34.25	22.75	341
12038	-35.25	23.75	341
12038	-35.25	24.25	341
12038	-33.25	24.25	341
12038	-32.25	25.25	341
12038	-31.75	25.25	341
12038	-31.75	24.25	341
12038	-31.25	23.75	341
12038	-30.75	23.75	341
12038	-30.75	24.75	341
12038	-29.75	25.75	341
12038	-29.75	27.75	341
12038	-29.25	28.25	341
12038	-28.25	28.25	341
12038	-28.25	28.75	341
12038	-28.75	29.25	341
12038	-29.75	29.25	341
12038	-30.25	29.75	341
12038	-31.25	29.75	341
12038	-31.75	30.25	341
12038	-31.75	30.75	341
12038	-31.25	31.25	341
12038	-31.25	32.25	341
12038	-30.75	32.25	341
12038	-30.25	31.75	341
12038	-29.75	31.75	341
12038	-29.75	33.25	341
12038	-30.25	33.75	341
12038	-30.75	33.75	341
12038	-31.75	32.75	341
12038	-32.25	32.75	341
12038	-32.75	33.25	341
12038	-33.25	33.25	341
12038	-33.75	32.75	341
12038	-34.25	32.75	341
12038	-35.25	33.75	341
12038	-36.75	33.75	341
12038	-37.75	32.75	341
12038	-37.75	32.25	341
12038	-36.25	32.25	341
12038	-35.75	32.75	341
12038	-35.25	32.75	341
12038	-35.25	31.25	341
12038	-35.75	30.75	341
12038	-35.75	30.25	341
12038	-35.25	30.25	341
12038	-34.75	30.75	341
12038	-34.25	30.75	341
12038	-33.25	29.75	341
12038	-33.25	29.25	341
12038	-33.75	28.75	341
12038	-33.75	28.25	341
12038	-33.25	27.75	341
12038	-33.25	26.25	341
12038	-33.75	26.25	341
12038	-34.25	26.75	341
12038	-35.25	26.75	341
12038	-35.25	27.75	341
12038	-35.75	28.25	341
12038	-35.75	29.25	341
12038	-36.75	29.25	341
12038	-37.25	29.75	341
12038	-37.25	30.75	341
12038	-38.75	32.25	341
12038	-38.75	33.25	341
12038	-39.25	33.75	341
12038	-39.75	33.75	341
12038	-39.75	32.75	341
12038	-40.25	32.25	341
12038	-40.25	31.25	341
12038	-41.25	31.25	341
12038	-41.25	30.75	341
12038	-40.75	30.25	341
12038	-39.25	30.25	341
12038	-38.75	30.75	341
12038	-38.25	30.75	341
12038	-38.25	30.25	341
12038	-39.25	29.25	341
12038	-39.25	28.25	341
12038	-40.25	28.25	341
12038	-40.75	27.75	341
12038	-40.75	27.25	341
12038	-39.75	27.25	341
12038	-39.75	26.75	341
12038	-40.25	26.25	341
12038	-40.25	25.75	341
12038	-39.25	25.75	341
12038	-38.75	25.25	341
12038	-38.75	24.75	341
12038	-41.75	24.75	341
12038	-42.25	24.25	341
12038	-42.25	23.75	341
12038	-41.75	23.25	341
12038	-41.75	22.75	341
12038	-42.25	22.25	341
12038	-42.75	22.25	341
12038	-42.75	23.25	341
12038	-43.25	23.25	341
12038	-43.75	22.75	341
12038	-43.75	21.75	341
12038	-45.25	21.75	341
12038	-45.25	23.25	341
12038	-44.25	23.25	341
12038	-43.75	23.75	341
12038	-43.75	24.75	341
12038	-43.25	25.25	341
12038	-43.25	25.75	341
12038	-44.25	26.75	341
12038	-45.25	26.75	341
12038	-45.25	41.25	341
12038	-44.75	41.75	341
12038	-44.75	42.25	341
12038	-45.25	42.75	341
12038	-45.25	48.75	341
12040	-41.25	43.75	341
12040	-41.25	44.25	341
12040	-40.75	44.25	341
12040	-40.25	43.75	341
12040	-40.25	43.25	341
12040	-40.75	43.25	341
12040	-41.25	43.75	341
12041	-44.75	39.75	341
12041	-44.75	39.25	341
12041	-44.25	39.25	341
12041	-43.75	39.75	341
12041	-43.75	40.25	341
12041	-44.25	40.25	341
12041	-44.75	39.75	341
12042	-42.75	41.25	341
12042	-42.75	41.75	341
12042	-42.25	41.75	341
12042	-42.25	41.25	341
12042	-42.75	41.25	341
12043	-36.75	46.25	341
12043	-36.75	46.75	341
12043	-36.25	47.25	341
12043	-35.75	47.25	341
12043	-35.75	46.75	341
12043	-36.25	46.25	341
12043	-36.75	46.25	341
12044	-34.75	48.25	341
12044	-34.75	48.75	341
12044	-34.25	49.25	341
12044	-33.75	49.25	341
12044	-33.75	48.75	341
12044	-34.25	48.25	341
12044	-34.75	48.25	341
12045	-34.75	45.25	341
12045	-34.75	45.75	341
12045	-33.75	46.75	341
12045	-33.25	46.75	341
12045	-32.75	46.25	341
12045	-32.25	46.25	341
12045	-32.25	47.25	341
12045	-31.75	47.25	341
12045	-31.75	46.25	341
12045	-31.25	46.25	341
12045	-30.75	46.75	341
12045	-30.25	46.75	341
12045	-30.25	45.25	341
12045	-32.25	43.25	341
12045	-33.25	43.25	341
12045	-33.25	42.75	341
12045	-32.75	42.25	341
12045	-32.75	41.75	341
12045	-33.25	41.25	341
12045	-34.75	41.25	341
12045	-34.75	41.75	341
12045	-34.25	42.25	341
12045	-34.25	42.75	341
12045	-34.75	43.25	341
12045	-35.25	43.25	341
12045	-35.75	42.75	341
12045	-36.25	42.75	341
12045	-36.25	43.25	341
12045	-35.25	44.25	341
12045	-34.25	44.25	341
12045	-33.75	44.75	341
12045	-33.75	45.25	341
12045	-34.75	45.25	341
12046	-42.25	34.75	341
12046	-42.25	35.25	341
12046	-41.75	35.25	341
12046	-41.75	34.75	341
12046	-42.25	34.75	341
12047	-34.25	39.75	341
12047	-34.25	40.25	341
12047	-33.25	40.25	341
12047	-32.25	41.25	341
12047	-32.25	42.25	341
12047	-31.25	43.25	341
12047	-29.25	43.25	341
12047	-29.25	44.25	341
12047	-28.75	44.25	341
12047	-28.25	43.75	341
12047	-27.25	43.75	341
12047	-27.25	43.25	341
12047	-27.75	42.75	341
12047	-27.75	42.25	341
12047	-25.75	42.25	341
12047	-25.25	41.75	341
12047	-25.25	40.75	341
12047	-24.25	39.75	341
12047	-24.25	39.25	341
12047	-24.75	39.25	341
12047	-25.75	40.25	341
12047	-26.25	40.25	341
12047	-26.75	39.75	341
12047	-26.75	39.25	341
12047	-25.75	39.25	341
12047	-25.25	38.75	341
12047	-25.25	38.25	341
12047	-27.25	38.25	341
12047	-27.25	37.25	341
12047	-28.75	37.25	341
12047	-28.75	37.75	341
12047	-28.25	38.25	341
12047	-28.25	38.75	341
12047	-29.25	38.75	341
12047	-29.75	39.25	341
12047	-29.75	41.25	341
12047	-30.25	41.25	341
12047	-30.75	40.75	341
12047	-30.75	39.75	341
12047	-31.25	39.25	341
12047	-31.25	38.75	341
12047	-30.75	38.25	341
12047	-30.75	37.75	341
12047	-31.25	37.75	341
12047	-32.25	38.75	341
12047	-32.25	39.25	341
12047	-31.75	39.75	341
12047	-31.75	40.25	341
12047	-32.25	40.25	341
12047	-33.25	39.25	341
12047	-33.75	39.25	341
12047	-34.25	39.75	341
12039	-25.25	49.25	341
12039	-25.25	48.75	341
12039	-24.25	47.75	341
12039	-22.25	47.75	341
12039	-21.75	47.25	341
12039	-21.25	47.25	341
12039	-20.75	47.75	341
12039	-20.75	49.25	341
12039	-22.25	49.25	341
12039	-22.75	48.75	341
12039	-24.25	48.75	341
12039	-24.75	49.25	341
12039	-25.25	49.25	341
7982	-38.25	46.75	2317
7982	-38.25	47.25	2317
7982	-37.25	47.25	2317
7982	-37.25	48.25	2317
7982	-35.25	48.25	2317
7982	-35.25	49.25	2317
7982	-34.75	49.25	2317
7982	-34.75	48.25	2317
7982	-34.25	47.75	2317
7982	-34.25	47.25	2317
7982	-35.25	46.25	2317
7982	-35.75	46.25	2317
7982	-35.75	47.25	2317
7982	-36.25	47.25	2317
7982	-36.75	46.75	2317
7982	-36.75	46.25	2317
7982	-36.25	45.75	2317
7982	-36.25	44.25	2317
7982	-36.75	43.75	2317
7982	-36.75	41.75	2317
7982	-37.25	41.75	2317
7982	-37.75	42.25	2317
7982	-38.25	42.25	2317
7982	-38.75	41.75	2317
7982	-39.25	41.75	2317
7982	-39.75	42.25	2317
7982	-39.75	42.75	2317
7982	-38.75	42.75	2317
7982	-37.75	43.75	2317
7982	-37.75	45.25	2317
7982	-38.75	45.25	2317
7982	-38.75	45.75	2317
7982	-38.25	46.25	2317
7982	-38.25	46.75	2317
7983	-33.25	48.75	2317
7983	-33.25	49.25	2317
7983	-31.75	49.25	2317
7983	-31.75	48.75	2317
7983	-32.75	47.75	2317
7983	-33.25	47.75	2317
7983	-33.25	48.75	2317
11024	-34.75	45.25	2977
11024	-34.75	45.75	2977
11024	-33.75	46.75	2977
11024	-33.25	46.75	2977
11024	-32.75	46.25	2977
11024	-32.75	45.25	2977
11024	-32.25	45.25	2977
11024	-32.25	46.25	2977
11024	-31.25	46.25	2977
11024	-30.75	46.75	2977
11024	-30.25	46.75	2977
11024	-30.25	46.25	2977
11024	-30.75	45.75	2977
11024	-30.75	44.75	2977
11024	-31.75	44.75	2977
11024	-32.25	44.25	2977
11024	-32.25	43.25	2977
11024	-33.25	43.25	2977
11024	-33.25	42.75	2977
11024	-32.75	42.25	2977
11024	-32.75	41.75	2977
11024	-33.25	41.25	2977
11024	-34.75	41.25	2977
11024	-34.75	41.75	2977
11024	-34.25	42.25	2977
11024	-34.25	42.75	2977
11024	-34.75	43.25	2977
11024	-35.25	43.25	2977
11024	-35.75	42.75	2977
11024	-36.25	42.75	2977
11024	-36.25	43.25	2977
11024	-35.25	44.25	2977
11024	-34.25	44.25	2977
11024	-33.25	45.25	2977
11024	-33.25	45.75	2977
11024	-33.75	45.75	2977
11024	-34.25	45.25	2977
11024	-34.75	45.25	2977
4286	-34.25	39.75	1596
4286	-34.25	40.25	1596
4286	-33.25	40.25	1596
4286	-32.25	41.25	1596
4286	-32.25	42.25	1596
4286	-31.25	43.25	1596
4286	-29.25	43.25	1596
4286	-29.25	44.25	1596
4286	-28.75	44.25	1596
4286	-28.25	43.75	1596
4286	-27.25	43.75	1596
4286	-27.25	43.25	1596
4286	-27.75	42.75	1596
4286	-27.75	42.25	1596
4286	-25.75	42.25	1596
4286	-25.25	41.75	1596
4286	-25.25	40.75	1596
4286	-24.25	39.75	1596
4286	-24.25	39.25	1596
4286	-24.75	39.25	1596
4286	-25.75	40.25	1596
4286	-26.25	40.25	1596
4286	-26.75	39.75	1596
4286	-26.75	39.25	1596
4286	-25.75	39.25	1596
4286	-25.25	38.75	1596
4286	-25.25	38.25	1596
4286	-27.25	38.25	1596
4286	-27.25	37.25	1596
4286	-28.75	37.25	1596
4286	-28.75	37.75	1596
4286	-28.25	38.25	1596
4286	-28.25	38.75	1596
4286	-29.25	38.75	1596
4286	-29.75	39.25	1596
4286	-29.75	41.25	1596
4286	-30.25	41.25	1596
4286	-30.75	40.75	1596
4286	-30.75	39.75	1596
4286	-31.25	39.25	1596
4286	-31.25	38.75	1596
4286	-30.75	38.25	1596
4286	-30.75	37.75	1596
4286	-31.25	37.75	1596
4286	-32.25	38.75	1596
4286	-32.25	39.25	1596
4286	-31.75	39.75	1596
4286	-31.75	40.25	1596
4286	-32.25	40.25	1596
4286	-33.25	39.25	1596
4286	-33.75	39.25	1596
4286	-34.25	39.75	1596
6846	-25.75	48.25	21
6846	-25.75	48.75	21
6846	-25.25	48.75	21
6846	-24.25	47.75	21
6846	-22.25	47.75	21
6846	-21.75	47.25	21
6846	-21.25	47.25	21
6846	-20.75	47.75	21
6846	-20.75	48.75	21
6846	-20.25	49.25	21
6846	-18.75	49.25	21
6846	-18.75	46.25	21
6846	-17.75	45.25	21
6846	-17.75	44.75	21
6846	-18.25	44.25	21
6846	-18.25	43.75	21
6846	-16.75	43.75	21
6846	-16.25	44.25	21
6846	-15.75	44.25	21
6846	-15.75	43.25	21
6846	-15.25	43.25	21
6846	-14.75	43.75	21
6846	-14.75	46.25	21
6846	-15.25	46.75	21
6846	-15.25	47.25	21
6846	-14.75	47.75	21
6846	-14.75	48.75	21
6846	-13.75	48.75	21
6846	-13.25	49.25	21
6846	-7.75	49.25	21
6846	-6.75	48.25	21
6846	-6.25	48.25	21
6846	-6.25	49.25	21
6846	3.25	49.25	21
6846	3.75	48.75	21
6846	3.75	47.75	21
6846	4.25	47.25	21
6846	5.25	47.25	21
6846	5.25	44.75	21
6846	4.75	44.25	21
6846	4.25	44.25	21
6846	4.25	45.25	21
6846	3.75	45.75	21
6846	3.75	46.75	21
6846	2.25	48.25	21
6846	1.75	48.25	21
6846	1.75	45.25	21
6846	-0.25	45.25	21
6846	-0.25	43.75	21
6846	1.25	43.75	21
6846	1.75	44.25	21
6846	2.25	44.25	21
6846	2.75	43.75	21
6846	2.75	43.25	21
6846	1.75	43.25	21
6846	1.75	42.25	21
6846	0.75	41.25	21
6846	0.75	39.75	21
6846	1.75	39.75	21
6846	1.75	39.25	21
6846	1.25	38.75	21
6846	0.25	38.75	21
6846	0.25	38.25	21
6846	1.25	37.25	21
6846	1.25	36.75	21
6846	0.25	36.75	21
6846	0.25	33.25	21
6846	1.25	33.25	21
6846	1.25	32.75	21
6846	0.75	32.25	21
6846	0.75	31.75	21
6846	1.25	31.25	21
6846	1.25	30.75	21
6846	0.25	30.75	21
6846	0.25	30.25	21
6846	0.75	29.75	21
6846	0.75	29.25	21
6846	0.25	29.25	21
6846	-0.25	29.75	21
6846	-1.75	29.75	21
6846	-2.25	29.25	21
6846	-2.25	28.25	21
6846	-2.75	28.25	21
6846	-3.25	28.75	21
6846	-3.25	29.75	21
6846	-3.75	29.75	21
6846	-4.25	29.25	21
6846	-4.25	27.75	21
6846	-3.75	27.25	21
6846	-2.75	27.25	21
6846	-2.75	26.75	21
6846	-3.25	26.25	21
6846	-3.25	25.25	21
6846	-3.75	25.25	21
6846	-4.75	26.25	21
6846	-5.25	26.25	21
6846	-5.25	25.25	21
6846	-5.75	24.75	21
6846	-6.75	24.75	21
6846	-6.75	23.75	21
6846	-7.25	23.25	21
6846	-7.25	22.25	21
6846	-8.25	22.25	21
6846	-8.25	21.75	21
6846	-7.75	21.25	21
6846	-7.75	20.75	21
6846	-8.75	20.75	21
6846	-8.75	19.75	21
6846	-10.75	19.75	21
6846	-10.75	18.25	21
6846	-10.25	17.75	21
6846	-9.75	17.75	21
6846	-8.25	19.25	21
6846	-6.75	19.25	21
6846	-6.25	18.75	21
6846	-5.75	18.75	21
6846	-5.75	19.75	21
6846	-5.25	19.75	21
6846	-4.75	19.25	21
6846	-4.75	18.25	21
6846	-4.25	17.75	21
6846	-2.75	17.75	21
6846	-2.75	18.25	21
6846	-3.75	19.25	21
6846	-3.75	19.75	21
6846	-2.75	20.75	21
6846	-2.75	22.75	21
6846	-2.25	23.25	21
6846	-1.25	23.25	21
6846	-1.25	24.75	21
6846	-1.75	25.25	21
6846	-1.75	27.75	21
6846	-1.25	27.75	21
6846	-0.75	27.25	21
6846	-0.25	27.25	21
6846	0.25	27.75	21
6846	2.25	27.75	21
6846	4.75	30.25	21
6846	4.75	30.75	21
6846	3.75	30.75	21
6846	3.75	31.25	21
6846	4.25	31.75	21
6846	4.75	31.75	21
6846	5.25	31.25	21
6846	5.25	17.75	21
6846	4.75	17.25	21
6846	3.75	17.25	21
6846	3.75	16.25	21
6846	2.25	14.75	21
6846	2.25	13.25	21
6846	2.75	12.75	21
6846	2.75	12.25	21
6846	2.25	11.75	21
6846	1.75	11.75	21
6846	0.75	12.75	21
6846	0.75	13.25	21
6846	1.25	13.75	21
6846	1.25	14.25	21
6846	0.75	14.25	21
6846	-0.25	13.25	21
6846	-0.25	11.25	21
6846	-0.75	10.75	21
6846	-1.25	10.75	21
6846	-2.25	11.75	21
6846	-2.75	11.75	21
6846	-2.75	10.25	21
6846	-1.75	9.25	21
6846	-1.75	8.75	21
6846	-2.75	7.75	21
6846	-2.75	6.75	21
6846	-3.25	6.75	21
6846	-3.75	7.25	21
6846	-4.25	7.25	21
6846	-4.25	6.25	21
6846	-4.75	6.25	21
6846	-5.25	6.75	21
6846	-5.75	6.75	21
6846	-5.75	5.75	21
6846	-6.25	5.75	21
6846	-6.75	6.25	21
6846	-7.25	6.25	21
6846	-7.25	5.75	21
6846	-6.25	4.75	21
6846	-5.25	4.75	21
6846	-4.75	4.25	21
6846	-3.75	4.25	21
6846	-3.25	3.75	21
6846	-3.25	3.25	21
6846	-4.75	3.25	21
6846	-5.25	3.75	21
6846	-7.25	3.75	21
6846	-7.25	4.75	21
6846	-7.75	5.25	21
6846	-8.25	5.25	21
6846	-8.75	4.75	21
6846	-8.75	3.25	21
6846	-8.25	2.75	21
6846	-8.25	2.25	21
6846	-8.75	2.25	21
6846	-9.25	2.75	21
6846	-11.75	2.75	21
6846	-12.25	2.25	21
6846	-14.25	2.25	21
6846	-14.25	0.75	21
6846	-13.75	0.25	21
6846	-13.75	-0.25	21
6846	-14.25	-0.75	21
6846	-14.75	-0.75	21
6846	-15.25	-0.25	21
6846	-15.75	-0.25	21
6846	-15.75	-1.25	21
6846	-19.25	-1.25	21
6846	-20.75	0.25	21
6846	-22.25	0.25	21
6846	-22.75	-0.25	21
6846	-22.75	-1.25	21
6846	-27.25	-1.25	21
6846	-27.25	0.25	21
6846	-26.75	0.75	21
6846	-26.75	1.75	21
6846	-25.75	1.75	21
6846	-25.75	2.25	21
6846	-26.25	2.75	21
6846	-27.25	2.75	21
6846	-27.25	3.25	21
6846	-26.25	4.25	21
6846	-26.25	5.25	21
6846	-24.25	5.25	21
6846	-23.75	5.75	21
6846	-23.75	6.25	21
6846	-24.75	6.25	21
6846	-24.75	7.25	21
6846	-25.75	7.25	21
6846	-25.75	8.25	21
6846	-26.25	8.75	21
6846	-26.25	9.25	21
6846	-25.75	9.25	21
6846	-24.25	7.75	21
6846	-22.75	7.75	21
6846	-22.25	8.25	21
6846	-22.25	8.75	21
6846	-22.75	9.25	21
6846	-22.75	9.75	21
6846	-22.25	10.25	21
6846	-22.25	10.75	21
6846	-23.75	12.25	21
6846	-23.75	12.75	21
6846	-23.25	12.75	21
6846	-22.25	11.75	21
6846	-21.25	11.75	21
6846	-21.25	9.75	21
6846	-19.75	9.75	21
6846	-18.75	10.75	21
6846	-18.75	11.25	21
6846	-19.75	12.25	21
6846	-19.75	12.75	21
6846	-18.75	12.75	21
6846	-18.75	13.75	21
6846	-17.25	13.75	21
6846	-17.25	13.25	21
6846	-18.25	12.25	21
6846	-18.25	11.75	21
6846	-17.75	11.75	21
6846	-16.25	13.25	21
6846	-15.25	13.25	21
6846	-14.75	13.75	21
6846	-13.75	13.75	21
6846	-13.75	14.75	21
6846	-13.25	15.25	21
6846	-13.25	15.75	21
6846	-14.75	15.75	21
6846	-14.75	14.75	21
6846	-15.25	14.75	21
6846	-16.25	15.75	21
6846	-16.25	16.25	21
6846	-15.75	16.75	21
6846	-15.75	17.25	21
6846	-16.25	17.75	21
6846	-16.25	19.25	21
6846	-15.75	19.75	21
6846	-15.75	20.25	21
6846	-16.25	20.75	21
6846	-16.25	21.75	21
6846	-17.75	23.25	21
6846	-18.75	23.25	21
6846	-19.25	23.75	21
6846	-20.75	23.75	21
6846	-20.75	23.25	21
6846	-20.25	22.75	21
6846	-20.25	21.25	21
6846	-20.75	20.75	21
6846	-21.75	20.75	21
6846	-21.75	20.25	21
6846	-20.75	19.25	21
6846	-20.25	19.25	21
6846	-20.25	20.25	21
6846	-19.75	20.75	21
6846	-19.25	20.75	21
6846	-19.25	19.75	21
6846	-18.75	19.25	21
6846	-18.75	17.25	21
6846	-17.75	17.25	21
6846	-17.75	16.75	21
6846	-18.25	16.25	21
6846	-19.75	16.25	21
6846	-19.75	17.25	21
6846	-20.25	17.75	21
6846	-22.25	17.75	21
6846	-22.25	18.75	21
6846	-22.75	19.25	21
6846	-22.75	20.25	21
6846	-23.25	20.25	21
6846	-23.75	19.75	21
6846	-23.75	16.75	21
6846	-24.25	16.25	21
6846	-24.75	16.25	21
6846	-24.75	17.25	21
6846	-25.75	17.25	21
6846	-25.75	17.75	21
6846	-24.75	18.75	21
6846	-24.75	19.25	21
6846	-25.25	19.25	21
6846	-25.75	18.75	21
6846	-26.25	18.75	21
6846	-26.25	19.25	21
6846	-25.25	20.25	21
6846	-24.25	20.25	21
6846	-22.75	21.75	21
6846	-22.75	22.25	21
6846	-23.25	22.75	21
6846	-23.25	23.25	21
6846	-22.75	23.25	21
6846	-22.25	22.75	21
6846	-21.75	22.75	21
6846	-21.75	24.25	21
6846	-23.25	24.25	21
6846	-23.75	23.75	21
6846	-24.25	23.75	21
6846	-24.75	24.25	21
6846	-25.25	24.25	21
6846	-25.75	23.75	21
6846	-26.75	23.75	21
6846	-26.75	23.25	21
6846	-26.25	22.75	21
6846	-26.25	22.25	21
6846	-27.25	22.25	21
6846	-27.75	21.75	21
6846	-28.75	21.75	21
6846	-29.25	21.25	21
6846	-29.75	21.25	21
6846	-29.75	24.75	21
6846	-29.25	25.25	21
6846	-26.25	25.25	21
6846	-26.25	26.25	21
6846	-25.75	26.75	21
6846	-24.75	26.75	21
6846	-24.75	27.75	21
6846	-23.75	27.75	21
6846	-23.75	28.25	21
6846	-24.75	29.25	21
6846	-24.75	30.25	21
6846	-25.75	30.25	21
6846	-26.25	30.75	21
6846	-27.25	30.75	21
6846	-27.25	32.25	21
6846	-26.75	32.75	21
6846	-26.75	33.25	21
6846	-27.75	33.25	21
6846	-27.75	33.75	21
6846	-27.25	34.25	21
6846	-26.75	34.25	21
6846	-26.25	33.75	21
6846	-24.75	33.75	21
6846	-24.75	34.75	21
6846	-24.25	35.25	21
6846	-22.75	35.25	21
6846	-22.75	34.25	21
6846	-21.75	33.25	21
6846	-20.75	33.25	21
6846	-19.75	32.25	21
6846	-19.75	31.75	21
6846	-20.25	31.25	21
6846	-20.25	30.75	21
6846	-19.75	30.75	21
6846	-19.25	31.25	21
6846	-18.75	31.25	21
6846	-18.25	30.75	21
6846	-16.25	30.75	21
6846	-16.25	29.75	21
6846	-15.75	29.25	21
6846	-15.25	29.25	21
6846	-15.25	30.25	21
6846	-14.25	31.25	21
6846	-14.25	32.25	21
6846	-13.75	32.25	21
6846	-13.25	31.75	21
6846	-12.25	31.75	21
6846	-11.75	31.25	21
6846	-10.25	31.25	21
6846	-10.25	32.25	21
6846	-9.25	32.25	21
6846	-9.25	32.75	21
6846	-9.75	33.25	21
6846	-10.75	33.25	21
6846	-10.75	33.75	21
6846	-10.25	34.25	21
6846	-9.75	34.25	21
6846	-9.25	33.75	21
6846	-8.75	33.75	21
6846	-8.25	34.25	21
6846	-7.75	34.25	21
6846	-7.75	33.75	21
6846	-8.25	33.25	21
6846	-8.25	32.75	21
6846	-6.75	32.75	21
6846	-6.75	34.25	21
6846	-7.75	35.25	21
6846	-8.25	35.25	21
6846	-8.75	34.75	21
6846	-9.25	34.75	21
6846	-9.25	35.75	21
6846	-10.25	36.75	21
6846	-11.25	36.75	21
6846	-11.75	37.25	21
6846	-12.75	37.25	21
6846	-13.25	37.75	21
6846	-13.25	38.25	21
6846	-12.75	38.75	21
6846	-12.75	39.25	21
6846	-13.25	39.25	21
6846	-13.75	38.75	21
6846	-14.75	38.75	21
6846	-14.75	37.75	21
6846	-15.75	37.75	21
6846	-16.25	37.25	21
6846	-16.75	37.25	21
6846	-17.25	37.75	21
6846	-17.25	39.25	21
6846	-16.25	40.25	21
6846	-16.25	40.75	21
6846	-16.75	41.25	21
6846	-17.25	41.25	21
6846	-17.75	40.75	21
6846	-17.75	39.75	21
6846	-18.75	39.75	21
6846	-19.25	39.25	21
6846	-19.75	39.25	21
6846	-20.75	40.25	21
6846	-20.75	40.75	21
6846	-20.25	41.25	21
6846	-20.25	41.75	21
6846	-21.25	41.75	21
6846	-22.75	43.25	21
6846	-23.25	43.25	21
6846	-23.25	42.25	21
6846	-23.75	42.25	21
6846	-24.75	43.25	21
6846	-25.75	43.25	21
6846	-25.75	45.25	21
6846	-26.25	45.75	21
6846	-26.25	46.25	21
6846	-25.25	46.25	21
6846	-25.25	47.75	21
6846	-25.75	48.25	21
6857	-24.25	48.75	21
6857	-24.25	49.25	21
6857	-23.75	49.25	21
6857	-23.75	48.75	21
6857	-24.25	48.75	21
6858	-23.25	49.25	21
6858	-23.25	48.75	21
6858	-22.75	48.75	21
6858	-22.75	49.25	21
6858	-23.25	49.25	21
6859	-20.25	27.75	21
6859	-20.25	28.25	21
6859	-19.75	28.25	21
6859	-19.75	27.75	21
6859	-20.25	27.75	21
6860	-18.25	7.75	21
6860	-18.25	8.25	21
6860	-17.75	8.25	21
6860	-17.75	7.75	21
6860	-18.25	7.75	21
6861	-17.25	8.75	21
6861	-17.25	9.25	21
6861	-16.75	9.25	21
6861	-16.75	8.75	21
6861	-17.25	8.75	21
6862	-15.25	10.75	21
6862	-15.25	11.25	21
6862	-14.75	11.25	21
6862	-14.75	10.75	21
6862	-15.25	10.75	21
6863	-13.75	12.25	21
6863	-13.75	12.75	21
6863	-13.25	12.75	21
6863	-13.25	12.25	21
6863	-13.75	12.25	21
6864	-9.25	16.75	21
6864	-9.25	17.25	21
6864	-8.75	17.25	21
6864	-8.75	16.75	21
6864	-9.25	16.75	21
6847	-22.25	-0.75	21
6847	-22.25	-1.25	21
6847	-21.75	-1.25	21
6847	-21.75	-0.75	21
6847	-22.25	-0.75	21
9788	-39.75	33.25	2724
9788	-39.75	33.75	2724
9788	-39.25	33.75	2724
9788	-38.75	33.25	2724
9788	-38.75	32.25	2724
9788	-37.25	30.75	2724
9788	-37.25	29.75	2724
9788	-36.75	29.25	2724
9788	-35.75	29.25	2724
9788	-35.75	28.25	2724
9788	-35.25	27.75	2724
9788	-35.25	26.75	2724
9788	-34.25	26.75	2724
9788	-33.75	26.25	2724
9788	-33.25	26.25	2724
9788	-33.25	27.75	2724
9788	-33.75	28.25	2724
9788	-33.75	28.75	2724
9788	-33.25	29.25	2724
9788	-33.25	29.75	2724
9788	-34.25	30.75	2724
9788	-34.75	30.75	2724
9788	-35.25	30.25	2724
9788	-35.75	30.25	2724
9788	-35.75	30.75	2724
9788	-35.25	31.25	2724
9788	-35.25	32.75	2724
9788	-35.75	32.75	2724
9788	-36.25	32.25	2724
9788	-37.75	32.25	2724
9788	-37.75	32.75	2724
9788	-36.75	33.75	2724
9788	-35.25	33.75	2724
9788	-34.25	32.75	2724
9788	-33.75	32.75	2724
9788	-33.25	33.25	2724
9788	-32.75	33.25	2724
9788	-32.25	32.75	2724
9788	-31.75	32.75	2724
9788	-30.75	33.75	2724
9788	-30.25	33.75	2724
9788	-29.75	33.25	2724
9788	-29.75	31.75	2724
9788	-30.25	31.75	2724
9788	-30.75	32.25	2724
9788	-31.25	32.25	2724
9788	-31.25	31.25	2724
9788	-31.75	30.75	2724
9788	-31.75	30.25	2724
9788	-31.25	29.75	2724
9788	-30.25	29.75	2724
9788	-29.75	29.25	2724
9788	-28.75	29.25	2724
9788	-28.25	28.75	2724
9788	-28.25	28.25	2724
9788	-29.25	28.25	2724
9788	-29.75	27.75	2724
9788	-29.75	25.75	2724
9788	-30.75	24.75	2724
9788	-30.75	23.75	2724
9788	-31.25	23.75	2724
9788	-31.75	24.25	2724
9788	-31.75	25.25	2724
9788	-32.25	25.25	2724
9788	-33.25	24.25	2724
9788	-35.25	24.25	2724
9788	-35.25	23.75	2724
9788	-34.25	22.75	2724
9788	-33.25	22.75	2724
9788	-33.25	21.75	2724
9788	-32.75	21.25	2724
9788	-32.75	20.75	2724
9788	-33.25	20.25	2724
9788	-34.25	20.25	2724
9788	-34.25	19.25	2724
9788	-35.75	17.75	2724
9788	-36.25	17.75	2724
9788	-36.25	18.75	2724
9788	-37.25	18.75	2724
9788	-37.75	19.25	2724
9788	-37.75	19.75	2724
9788	-37.25	20.25	2724
9788	-37.25	20.75	2724
9788	-37.75	20.75	2724
9788	-39.75	18.75	2724
9788	-41.25	18.75	2724
9788	-41.75	19.25	2724
9788	-42.75	19.25	2724
9788	-43.25	19.75	2724
9788	-43.75	19.75	2724
9788	-43.75	19.25	2724
9788	-43.25	18.75	2724
9788	-43.25	18.25	2724
9788	-43.75	18.25	2724
9788	-44.25	18.75	2724
9788	-45.25	18.75	2724
9788	-45.25	21.25	2724
9788	-44.75	21.75	2724
9788	-43.75	21.75	2724
9788	-43.75	22.75	2724
9788	-43.25	23.25	2724
9788	-42.75	23.25	2724
9788	-42.75	22.25	2724
9788	-42.25	22.25	2724
9788	-41.75	22.75	2724
9788	-41.75	23.25	2724
9788	-42.25	23.75	2724
9788	-42.25	24.25	2724
9788	-41.75	24.75	2724
9788	-38.75	24.75	2724
9788	-38.75	25.25	2724
9788	-39.25	25.75	2724
9788	-40.25	25.75	2724
9788	-40.25	26.25	2724
9788	-39.75	26.75	2724
9788	-39.75	27.25	2724
9788	-40.75	27.25	2724
9788	-40.75	27.75	2724
9788	-40.25	28.25	2724
9788	-39.25	28.25	2724
9788	-39.25	29.25	2724
9788	-38.25	30.25	2724
9788	-38.25	30.75	2724
9788	-38.75	30.75	2724
9788	-39.25	30.25	2724
9788	-40.75	30.25	2724
9788	-41.25	30.75	2724
9788	-41.25	31.25	2724
9788	-40.25	31.25	2724
9788	-40.25	32.25	2724
9788	-39.75	32.75	2724
9788	-39.75	33.25	2724
9789	-45.25	25.75	2724
9789	-45.25	26.25	2724
9789	-44.75	26.75	2724
9789	-44.25	26.75	2724
9789	-43.25	25.75	2724
9789	-43.25	25.25	2724
9789	-43.75	24.75	2724
9789	-43.75	23.75	2724
9789	-44.25	23.25	2724
9789	-44.75	23.25	2724
9789	-45.25	23.75	2724
9789	-45.25	25.75	2724
16969	-18.75	48.25	718
16969	-18.75	48.75	718
16969	-18.25	49.25	718
16969	-14.75	49.25	718
16969	-14.75	47.75	718
16969	-15.25	47.25	718
16969	-15.25	46.75	718
16969	-14.75	46.25	718
16969	-14.75	43.75	718
16969	-15.25	43.25	718
16969	-15.75	43.25	718
16969	-15.75	44.25	718
16969	-16.25	44.25	718
16969	-16.75	43.75	718
16969	-18.25	43.75	718
16969	-18.25	44.25	718
16969	-17.75	44.75	718
16969	-17.75	45.25	718
16969	-18.75	46.25	718
16969	-18.75	48.25	718
16970	-14.25	49.25	718
16970	-14.25	48.75	718
16970	-13.75	48.75	718
16970	-13.75	49.25	718
16970	-14.25	49.25	718
16971	-7.25	48.75	718
16971	-7.25	49.25	718
16971	-6.75	49.25	718
16971	-6.25	48.75	718
16971	-6.25	48.25	718
16971	-6.75	48.25	718
16971	-7.25	48.75	718
16972	1.75	47.75	718
16972	1.75	48.25	718
16972	2.25	48.25	718
16972	3.75	46.75	718
16972	3.75	45.75	718
16972	4.25	45.25	718
16972	4.25	44.25	718
16972	5.25	44.25	718
16972	5.25	36.75	718
16972	4.75	36.75	718
16972	4.25	37.25	718
16972	3.75	37.25	718
16972	3.25	36.75	718
16972	3.25	36.25	718
16972	4.25	36.25	718
16972	4.25	35.75	718
16972	3.75	35.25	718
16972	3.75	34.75	718
16972	4.75	34.75	718
16972	4.75	34.25	718
16972	3.75	33.25	718
16972	3.75	32.75	718
16972	4.25	32.75	718
16972	4.75	33.25	718
16972	5.25	33.25	718
16972	5.25	31.75	718
16972	4.25	31.75	718
16972	3.75	31.25	718
16972	3.75	30.75	718
16972	4.75	30.75	718
16972	4.75	30.25	718
16972	2.25	27.75	718
16972	0.25	27.75	718
16972	-0.25	27.25	718
16972	-0.75	27.25	718
16972	-1.25	27.75	718
16972	-1.75	27.75	718
16972	-1.75	25.25	718
16972	-1.25	24.75	718
16972	-1.25	23.25	718
16972	-2.25	23.25	718
16972	-2.75	22.75	718
16972	-2.75	20.75	718
16972	-3.75	19.75	718
16972	-3.75	19.25	718
16972	-2.75	18.25	718
16972	-2.75	17.75	718
16972	-4.25	17.75	718
16972	-4.75	18.25	718
16972	-4.75	19.25	718
16972	-5.25	19.75	718
16972	-5.25	20.25	718
16972	-4.75	20.75	718
16972	-4.75	21.25	718
16972	-5.25	21.25	718
16972	-5.75	20.75	718
16972	-5.75	18.75	718
16972	-6.25	18.75	718
16972	-6.25	19.75	718
16972	-6.75	19.75	718
16972	-7.25	19.25	718
16972	-8.25	19.25	718
16972	-9.75	17.75	718
16972	-10.25	17.75	718
16972	-10.75	18.25	718
16972	-10.75	19.75	718
16972	-8.75	19.75	718
16972	-8.75	20.75	718
16972	-7.75	20.75	718
16972	-7.75	21.25	718
16972	-8.25	21.75	718
16972	-8.25	22.25	718
16972	-7.25	22.25	718
16972	-7.25	23.25	718
16972	-6.75	23.75	718
16972	-6.75	24.75	718
16972	-5.75	24.75	718
16972	-5.25	25.25	718
16972	-5.25	26.25	718
16972	-4.75	26.25	718
16972	-3.75	25.25	718
16972	-3.25	25.25	718
16972	-3.25	26.25	718
16972	-2.75	26.75	718
16972	-2.75	27.25	718
16972	-3.75	27.25	718
16972	-4.25	27.75	718
16972	-4.25	29.25	718
16972	-3.75	29.75	718
16972	-3.25	29.75	718
16972	-3.25	28.75	718
16972	-2.75	28.25	718
16972	-2.25	28.25	718
16972	-2.25	29.25	718
16972	-1.75	29.75	718
16972	-0.25	29.75	718
16972	0.25	29.25	718
16972	0.75	29.25	718
16972	0.75	29.75	718
16972	0.25	30.25	718
16972	0.25	30.75	718
16972	1.25	30.75	718
16972	1.25	31.25	718
16972	0.75	31.75	718
16972	0.75	32.25	718
16972	1.25	32.75	718
16972	1.25	33.25	718
16972	0.25	33.25	718
16972	0.25	36.75	718
16972	1.25	36.75	718
16972	1.25	37.25	718
16972	0.25	38.25	718
16972	0.25	38.75	718
16972	1.25	38.75	718
16972	1.75	39.25	718
16972	1.75	39.75	718
16972	0.75	39.75	718
16972	0.75	41.25	718
16972	1.75	42.25	718
16972	1.75	43.25	718
16972	2.75	43.25	718
16972	2.75	43.75	718
16972	2.25	44.25	718
16972	1.75	44.25	718
16972	1.25	43.75	718
16972	-0.25	43.75	718
16972	-0.25	45.25	718
16972	1.75	45.25	718
16972	1.75	47.75	718
16973	3.75	48.75	718
16973	3.75	49.25	718
16973	5.25	49.25	718
16973	5.25	47.75	718
16973	4.75	47.25	718
16973	4.25	47.25	718
16973	3.75	47.75	718
16973	3.75	48.75	718
15646	-45.25	15.75	592
15646	-45.25	16.25	592
15646	-44.75	16.25	592
15646	-44.25	15.75	592
15646	-44.25	15.25	592
15646	-44.75	14.75	592
15646	-45.25	14.75	592
15646	-45.25	15.75	592
15647	-45.25	10.75	592
15647	-45.25	11.25	592
15647	-44.25	12.25	592
15647	-43.75	12.25	592
15647	-43.75	11.75	592
15647	-44.75	10.75	592
15647	-44.75	9.75	592
15647	-45.25	9.75	592
15647	-45.25	10.75	592
15648	-45.25	7.75	592
15648	-45.25	8.25	592
15648	-44.75	8.25	592
15648	-44.75	7.25	592
15648	-44.25	7.25	592
15648	-43.75	7.75	592
15648	-42.75	7.75	592
15648	-42.75	8.75	592
15648	-42.25	9.25	592
15648	-41.75	9.25	592
15648	-39.75	7.25	592
15648	-39.75	4.75	592
15648	-40.75	4.75	592
15648	-41.25	4.25	592
15648	-41.75	4.25	592
15648	-41.75	4.75	592
15648	-41.25	5.25	592
15648	-41.25	5.75	592
15648	-41.75	6.25	592
15648	-42.25	6.25	592
15648	-42.75	5.75	592
15648	-42.75	4.75	592
15648	-43.25	4.25	592
15648	-44.25	4.25	592
15648	-44.25	3.75	592
15648	-42.75	2.25	592
15648	-41.75	2.25	592
15648	-41.25	1.75	592
15648	-40.75	1.75	592
15648	-39.75	2.75	592
15648	-39.25	2.75	592
15648	-39.25	2.25	592
15648	-40.75	0.75	592
15648	-40.75	0.25	592
15648	-39.75	-0.75	592
15648	-39.75	-1.25	592
15648	-45.25	-1.25	592
15648	-45.25	7.75	592
15649	-36.25	2.75	592
15649	-36.25	3.25	592
15649	-35.75	3.75	592
15649	-35.25	3.75	592
15649	-35.25	2.75	592
15649	-34.75	2.25	592
15649	-33.25	2.25	592
15649	-33.25	3.25	592
15649	-32.75	3.25	592
15649	-32.25	2.75	592
15649	-32.25	2.25	592
15649	-32.75	1.75	592
15649	-32.75	1.25	592
15649	-32.25	1.25	592
15649	-31.25	2.25	592
15649	-31.25	2.75	592
15649	-31.75	3.25	592
15649	-31.75	3.75	592
15649	-31.25	4.25	592
15649	-31.25	5.25	592
15649	-30.75	5.25	592
15649	-30.25	4.75	592
15649	-30.25	3.75	592
15649	-29.75	3.25	592
15649	-28.75	3.25	592
15649	-28.75	2.25	592
15649	-27.75	2.25	592
15649	-26.75	1.25	592
15649	-26.75	0.75	592
15649	-27.25	0.25	592
15649	-27.25	-0.75	592
15649	-27.75	-1.25	592
15649	-36.25	-1.25	592
15649	-36.25	-0.25	592
15649	-36.75	-0.25	592
15649	-37.75	-1.25	592
15649	-38.25	-1.25	592
15649	-38.25	0.25	592
15649	-36.25	2.25	592
15649	-36.25	2.75	592
15650	-22.75	-0.75	592
15650	-22.75	-0.25	592
15650	-22.25	0.25	592
15650	-20.75	0.25	592
15650	-19.75	-0.75	592
15650	-19.75	-1.25	592
15650	-21.25	-1.25	592
15650	-21.75	-0.75	592
15650	-22.75	-0.75	592
15651	-14.25	1.75	592
15651	-14.25	2.25	592
15651	-12.25	2.25	592
15651	-11.75	2.75	592
15651	-9.25	2.75	592
15651	-8.75	2.25	592
15651	-8.25	2.25	592
15651	-8.25	2.75	592
15651	-8.75	3.25	592
15651	-8.75	4.75	592
15651	-8.25	5.25	592
15651	-7.75	5.25	592
15651	-7.25	4.75	592
15651	-7.25	3.75	592
15651	-5.25	3.75	592
15651	-4.75	3.25	592
15651	-3.25	3.25	592
15651	-3.25	3.75	592
15651	-3.75	4.25	592
15651	-4.75	4.25	592
15651	-5.25	4.75	592
15651	-6.25	4.75	592
15651	-7.25	5.75	592
15651	-7.25	6.25	592
15651	-6.75	6.25	592
15651	-6.25	5.75	592
15651	-5.75	5.75	592
15651	-5.75	6.75	592
15651	-5.25	6.75	592
15651	-4.75	6.25	592
15651	-4.25	6.25	592
15651	-4.25	7.25	592
15651	-3.75	7.25	592
15651	-3.25	6.75	592
15651	-2.75	6.75	592
15651	-2.75	7.75	592
15651	-1.75	8.75	592
15651	-1.75	9.25	592
15651	-2.75	10.25	592
15651	-2.75	11.75	592
15651	-2.25	11.75	592
15651	-1.25	10.75	592
15651	-0.75	10.75	592
15651	-0.25	11.25	592
15651	-0.25	13.25	592
15651	0.75	14.25	592
15651	1.25	14.25	592
15651	1.25	13.75	592
15651	0.75	13.25	592
15651	0.75	12.75	592
15651	1.75	11.75	592
15651	1.75	9.25	592
15651	1.25	8.75	592
15651	0.25	8.75	592
15651	0.25	7.25	592
15651	0.75	6.75	592
15651	1.25	6.75	592
15651	1.25	7.75	592
15651	3.25	7.75	592
15651	3.75	8.25	592
15651	3.75	9.25	592
15651	4.75	9.25	592
15651	4.75	10.25	592
15651	5.25	10.25	592
15651	5.25	1.75	592
15651	4.75	1.75	592
15651	4.75	2.75	592
15651	4.25	2.75	592
15651	2.75	1.25	592
15651	2.75	0.25	592
15651	2.25	0.25	592
15651	0.75	1.75	592
15651	0.25	1.75	592
15651	-0.25	1.25	592
15651	-1.25	1.25	592
15651	-1.25	0.75	592
15651	-0.75	0.25	592
15651	-0.75	-0.25	592
15651	-1.25	-0.75	592
15651	-2.25	-0.75	592
15651	-2.75	-1.25	592
15651	-14.25	-1.25	592
15651	-14.25	-0.75	592
15651	-13.75	-0.25	592
15651	-13.75	0.25	592
15651	-14.25	0.75	592
15651	-14.25	1.75	592
15652	-15.75	-0.75	592
15652	-15.75	-0.25	592
15652	-15.25	-0.25	592
15652	-14.75	-0.75	592
15652	-14.75	-1.25	592
15652	-15.25	-1.25	592
15652	-15.75	-0.75	592
15653	4.75	11.75	592
15653	4.75	12.25	592
15653	5.25	12.25	592
15653	5.25	11.75	592
15653	4.75	11.75	592
4287	-45.25	13.75	1597
4287	-45.25	14.25	1597
4287	-43.75	15.75	1597
4287	-43.25	15.75	1597
4287	-43.25	14.75	1597
4287	-42.25	14.75	1597
4287	-42.25	13.25	1597
4287	-42.75	12.75	1597
4287	-42.75	12.25	1597
4287	-42.25	11.75	1597
4287	-41.75	11.75	1597
4287	-41.75	12.75	1597
4287	-40.75	12.75	1597
4287	-40.75	13.25	1597
4287	-41.25	13.75	1597
4287	-41.25	14.75	1597
4287	-41.75	15.25	1597
4287	-41.75	15.75	1597
4287	-40.25	15.75	1597
4287	-39.75	15.25	1597
4287	-39.25	15.25	1597
4287	-39.25	16.75	1597
4287	-40.25	16.75	1597
4287	-40.75	17.25	1597
4287	-40.75	17.75	1597
4287	-39.75	17.75	1597
4287	-38.75	18.75	1597
4287	-38.25	18.75	1597
4287	-38.25	17.75	1597
4287	-37.25	17.75	1597
4287	-35.25	15.75	1597
4287	-35.25	14.25	1597
4287	-36.25	13.25	1597
4287	-36.25	12.75	1597
4287	-35.75	12.75	1597
4287	-35.25	13.25	1597
4287	-34.25	13.25	1597
4287	-34.25	14.25	1597
4287	-32.75	14.25	1597
4287	-32.75	13.75	1597
4287	-33.25	13.25	1597
4287	-33.25	12.75	1597
4287	-31.75	12.75	1597
4287	-31.75	13.75	1597
4287	-31.25	14.25	1597
4287	-30.75	14.25	1597
4287	-30.75	13.25	1597
4287	-30.25	13.25	1597
4287	-29.25	14.25	1597
4287	-28.75	14.25	1597
4287	-28.25	13.75	1597
4287	-26.25	13.75	1597
4287	-26.25	11.75	1597
4287	-24.25	11.75	1597
4287	-24.25	11.25	1597
4287	-24.75	10.75	1597
4287	-24.75	9.75	1597
4287	-25.25	9.75	1597
4287	-26.25	10.75	1597
4287	-27.75	10.75	1597
4287	-28.25	10.25	1597
4287	-28.75	10.25	1597
4287	-28.75	10.75	1597
4287	-28.25	11.25	1597
4287	-28.25	11.75	1597
4287	-28.75	11.75	1597
4287	-30.25	10.25	1597
4287	-30.25	9.75	1597
4287	-29.25	8.75	1597
4287	-29.25	8.25	1597
4287	-29.75	8.25	1597
4287	-30.75	9.25	1597
4287	-31.25	9.25	1597
4287	-31.25	8.25	1597
4287	-31.75	8.25	1597
4287	-33.25	9.75	1597
4287	-33.75	9.75	1597
4287	-33.75	9.25	1597
4287	-33.25	8.75	1597
4287	-33.25	8.25	1597
4287	-33.75	7.75	1597
4287	-34.75	7.75	1597
4287	-35.25	7.25	1597
4287	-35.25	6.75	1597
4287	-33.25	6.75	1597
4287	-32.25	5.75	1597
4287	-31.25	5.75	1597
4287	-31.25	4.25	1597
4287	-31.75	3.75	1597
4287	-31.75	3.25	1597
4287	-31.25	2.75	1597
4287	-31.25	2.25	1597
4287	-32.25	1.25	1597
4287	-32.75	1.25	1597
4287	-32.75	1.75	1597
4287	-32.25	2.25	1597
4287	-32.25	2.75	1597
4287	-32.75	3.25	1597
4287	-33.25	3.25	1597
4287	-33.25	2.25	1597
4287	-34.75	2.25	1597
4287	-35.25	2.75	1597
4287	-35.25	3.75	1597
4287	-35.75	3.75	1597
4287	-36.25	3.25	1597
4287	-36.25	2.25	1597
4287	-37.25	1.25	1597
4287	-39.25	1.25	1597
4287	-39.75	0.75	1597
4287	-40.25	0.75	1597
4287	-40.25	1.25	1597
4287	-39.25	2.25	1597
4287	-39.25	2.75	1597
4287	-39.75	2.75	1597
4287	-40.75	1.75	1597
4287	-41.25	1.75	1597
4287	-41.75	2.25	1597
4287	-42.75	2.25	1597
4287	-44.25	3.75	1597
4287	-44.25	4.25	1597
4287	-43.25	4.25	1597
4287	-42.75	4.75	1597
4287	-42.75	5.75	1597
4287	-42.25	6.25	1597
4287	-41.75	6.25	1597
4287	-41.25	5.75	1597
4287	-41.25	5.25	1597
4287	-41.75	4.75	1597
4287	-41.75	4.25	1597
4287	-41.25	4.25	1597
4287	-40.75	4.75	1597
4287	-39.75	4.75	1597
4287	-39.75	7.25	1597
4287	-41.75	9.25	1597
4287	-42.25	9.25	1597
4287	-42.75	8.75	1597
4287	-42.75	7.75	1597
4287	-43.75	7.75	1597
4287	-44.25	7.25	1597
4287	-44.75	7.25	1597
4287	-44.75	8.25	1597
4287	-45.25	8.75	1597
4287	-45.25	9.25	1597
4287	-44.75	9.75	1597
4287	-44.75	10.75	1597
4287	-43.75	11.75	1597
4287	-43.75	12.25	1597
4287	-44.25	12.25	1597
4287	-44.75	11.75	1597
4287	-45.25	11.75	1597
4287	-45.25	13.75	1597
4452	-40.75	0.25	1616
4452	-40.75	0.75	1616
4452	-39.75	0.75	1616
4452	-39.25	1.25	1616
4452	-37.75	1.25	1616
4452	-37.75	0.75	1616
4452	-38.25	0.25	1616
4452	-38.25	-0.75	1616
4452	-38.75	-1.25	1616
4452	-39.25	-1.25	1616
4452	-40.75	0.25	1616
4453	-37.25	-1.25	1616
4453	-37.25	-0.75	1616
4453	-36.75	-0.25	1616
4453	-36.25	-0.25	1616
4453	-36.25	-0.75	1616
4453	-36.75	-1.25	1616
4453	-37.25	-1.25	1616
18326	3.25	36.25	863
18326	3.25	36.75	863
18326	3.75	37.25	863
18326	4.25	37.25	863
18326	5.25	36.25	863
18326	5.25	33.75	863
18326	4.25	32.75	863
18326	3.75	32.75	863
18326	3.75	33.25	863
18326	4.75	34.25	863
18326	4.75	34.75	863
18326	3.75	34.75	863
18326	3.75	35.25	863
18326	4.25	35.75	863
18326	4.25	36.25	863
18326	3.25	36.25	863
18327	3.75	16.75	863
18327	3.75	17.25	863
18327	5.25	17.25	863
18327	5.25	12.75	863
18327	4.75	12.25	863
18327	4.75	11.75	863
18327	5.25	11.25	863
18327	5.25	10.75	863
18327	4.75	10.25	863
18327	4.75	9.25	863
18327	3.75	9.25	863
18327	3.75	8.25	863
18327	3.25	7.75	863
18327	1.25	7.75	863
18327	1.25	6.75	863
18327	0.75	6.75	863
18327	0.25	7.25	863
18327	0.25	8.75	863
18327	1.25	8.75	863
18327	1.75	9.25	863
18327	1.75	11.25	863
18327	2.75	12.25	863
18327	2.75	12.75	863
18327	2.25	13.25	863
18327	2.25	14.75	863
18327	3.75	16.25	863
18327	3.75	16.75	863
18328	2.75	0.75	863
18328	2.75	1.25	863
18328	4.25	2.75	863
18328	4.75	2.75	863
18328	4.75	1.75	863
18328	5.25	1.25	863
18328	5.25	-0.25	863
18328	3.75	-0.25	863
18328	3.75	0.25	863
18328	4.25	0.75	863
18328	4.25	1.25	863
18328	3.75	1.25	863
18328	3.25	0.75	863
18328	2.75	0.75	863
10120	-1.25	0.75	28
10120	-1.25	1.25	28
10120	-0.25	1.25	28
10120	0.25	1.75	28
10120	0.75	1.75	28
10120	2.25	0.25	28
10120	2.75	0.25	28
10120	3.75	1.25	28
10120	4.25	1.25	28
10120	4.25	0.75	28
10120	3.75	0.25	28
10120	3.75	-0.25	28
10120	4.75	-0.25	28
10120	5.25	-0.75	28
10120	5.25	-1.25	28
10120	-1.25	-1.25	28
10120	-1.25	-0.75	28
10120	-0.75	-0.25	28
10120	-0.75	0.25	28
10120	-1.25	0.75	28
10121	-2.25	-1.25	28
10121	-2.25	-0.75	28
10121	-1.75	-0.75	28
10121	-1.75	-1.25	28
10121	-2.25	-1.25	28
