x	y
-0.990634236194669	0.421166065288683
-3.01991489926479	1.17447558084968
0.320227586054192	0.103911841944623
-0.981407947870961	0.30644061378042
-1.44469783277489	0.400808259782783
-0.278972256515082	0.0979252532278907
-1.44469783277489	0.400808259782783
-0.964284450106862	0.302508044351495
-0.956584060782783	0.299667181642858
-1.44625165176183	0.400878662120978
-0.963091646509503	0.30135329745963
-0.0188722513719525	0.00624547649700519
-3.01991489926479	1.17447558084968
0.996548065769997	0.297161184342288
-0.222948790478964	0.0645324290528137
-0.965298882610027	0.302096315932842
-0.22307967031456	0.0645709485125065
0.275766672384913	0.0612699467922861
-0.204482859258445	0.0598355025768114
-0.210063224848906	0.0616798300014583
0.697003528186758	0.274949778191457
0.273314822748713	0.0751784374223357
3.33317222753892	1.53138081767327
1.00582979254927	0.299573419397628
1.46746897854261	0.536716088535439
0.257262564392478	0.071240840255959
0.253331475692477	0.0702795703356221
0.314019297811562	0.10145048303198
-0.214359681397273	0.0627497503628479
0.769076095892583	0.266736179180621
1.77915785255012	0.97939819630658
0.182005318123947	0.0657840369700129
0.381892300935819	0.144290597991293
1.07450559259791	0.568285119340457
0.84504748179515	0.43505793590866
-0.563018513406906	0.192584385840213
0.750556694777728	0.259976258569889
1.00711243242006	0.30055824570249
0.311455724227594	0.101497732390634
1.04114712155188	0.54249515201222
1.0162566729246	0.300567910184739
0.749596205646089	0.341414343362431
0.380966564408366	0.144487217052644
1.75764050257383	0.543004073369426
0.391765241449303	0.148891454545827
-0.557536937387166	0.190923671928846
1.00711243242006	0.30055824570249
1.47601559734022	0.541776663789516
-0.0208807063726535	0.00671827550206532
1.33248122470525	0.803059114096655
0.271609127779517	0.0749446132871903
2.49522710447058	0.890017702653776
1.85591515527115	0.801687517524438
0.682165852478785	0.267960051915929
0.403138715482008	0.151597735758995
1.49191381525862	1.19888423296742
0.220430024424097	0.101591281761468
1.04370699824206	0.48829111155019
2.04386408968515	1.27450819009878
1.83900892212194	1.2522869112095
0.819020871922376	0.419871685853862
1.7540622143636	0.964554460221106
0.278850361489613	0.0760171922419336
-0.46563806002191	0.119060414236261
-0.968113709743261	0.303450518365283
-1.36727183161278	0.704383968326673
0.756793445872915	0.34503096251147
1.47506138323389	0.53774156376119
0.260035993273057	0.071688413663655
0.404218353371901	0.152004861750302
0.516584472866431	0.252859796328632
1.47056197523306	0.536896700968019
-0.590074616547901	0.248161330480088
0.634626935176912	0.314025165268939
1.06802422018407	0.49764094420437
0.738264403108484	0.334991533319042
3.89690907476281	2.16686582085422
0.246873312771015	0.114607821655518
0.403201084318399	0.151597037685798
-2.67102946431479	0.922589717440158
-0.0923574011087989	0.0415904520757222
1.06768791308885	0.498559265280621
-1.60860806544328	0.660892323019543
0.190466641308917	0.0781508314577198
-0.267264432742557	0.093837353175468
-0.25647951238051	0.0907969665883983
0.538234526343982	0.236110969939297
0.159378020286354	0.0581676353757127
1.47506138323389	0.53774156376119
1.35830380371307	0.732611853483991
1.63047761486527	0.998064364939171
0.721340346434587	0.284418625670871
1.36916244958412	0.743607380024308
-0.543986836092498	0.185921894912612
2.49522710447058	0.890017702653776
0.283176760163195	0.0772590024670822
1.48066972112752	0.543316993446897
-1.32291124966828	0.482995186863574
1.843008466339	0.798906326303637
1.83236820655559	0.788407315620669
-0.990949978988824	0.42140318505126
2.50222323843153	0.889938752296322
0.270491113479153	0.0744066914201544
0.383354884921006	0.144792649736282
0.756524548761925	0.262447973003388
-2.16895042965372	0.666392355375991
1.00158766014208	0.296524642799408
1.78503399272037	1.34340497799477
1.34265041105765	0.728460391712157
-0.960466901601334	0.299969286263495
0.719167385719369	0.284395606157772
0.409835163720818	0.154669947189885
-0.205780790467671	0.0603307861547875
2.93680285655287	2.01956877448375
1.47514405867091	0.54114346727406
1.04736036743767	0.486504801935833
0.278850361489613	0.0760171922419336
-0.952669644838985	0.29712349761026
0.763890404790763	0.263250687181421
0.768609943270055	0.266410090437886
1.15883642031811	0.477279745418127
0.748132421461115	0.259389614111603
0.292408979671207	0.0953263449356683
2.67787907539272	1.65971779179546
0.670612132304147	0.262954445823463
3.62872850470803	1.85867327398336
2.28692260667138	1.58837082896739
1.85784218175575	0.805382441220241
-0.214359681397273	0.0627497503628479
0.188233646961509	0.0680207323066546
0.301428797026027	0.0984483587716353
1.60322369530221	0.963011762163925
-0.011974122290259	0.00422638106988038
0.281052436624202	0.0768368034971663
0.719658232996097	0.282353500085806
3.33102235073566	1.53296005905307
-0.808119908029472	0.309977265825161
-0.0204677986320269	0.00668809091067599
0.267807866218441	0.0736553839280068
0.703107124185827	0.278205461204434
0.273145305389763	0.0748224401268987
1.48709720787652	0.716360675150922
0.754364267277541	0.261036485050862
3.33317222753892	1.53138081767327
1.34127240741215	0.719268988048297
0.760603991125589	0.261622281850452
0.275766672384913	0.0612699467922861
1.45826616975306	0.702577342260571
0.393573769702446	0.149753247691026
1.56053742899522	1.06420916347798
-1.61525562220377	0.662209644061636
1.75764050257383	0.543004073369426
0.275505702111265	0.07561448078092
-1.6176407457523	0.654500015109219
-0.0371343104373538	0.0112755902751683
0.283845034205433	0.0923036239362483
3.61787988016051	1.84746185333061
0.277766387658151	0.0615612664994032
0.687114092543093	0.272085938337636
-0.970952562902408	0.303595578097732
0.769076095892583	0.266736179180621
1.48835857534131	0.718055719284368
1.45055021153309	0.693026386346511
2.67787907539272	1.65971779179546
2.49735614452642	0.88955465157768
2.42656295953489	1.34777932203883
1.31522552756213	0.779096883823672
2.27626348851855	1.57610176206259
-0.803440418123222	0.310838987521955
0.768883401986764	0.346567603783258
0.752246278128243	0.340195294103375
1.73680078377446	0.947088622756692
0.670612132304147	0.262954445823463
0.273314822748713	0.0751784374223357
2.98301428503119	1.21076700095985
0.75845444614108	0.262948940920363
-0.470995935095335	0.12046824245525
1.00209716595288	0.29812431681554
0.160244838318889	0.0580366620438181
0.277766387658151	0.0615612664994032
1.48182720039235	0.54422022719409
0.704345613043927	0.277931431262085
1.85148933394225	0.800719142869435
0.26882314228876	0.0735529484812787
-0.963172983656371	0.301377563988896
-3.75071659344667	1.83706862175066
-0.461598898470765	0.181101255269545
-0.557174890944518	0.191732511337526
2.47158544215501	1.8650723741554
-0.490777608563336	0.124646054672131
0.000875204093469996	0.000726406701342435
1.84189705526738	0.79342361808672
2.9706677117996	1.20987851096081
-0.211205786262133	0.0618278223846901
3.31998296069723	1.52103682515885
-0.561015275280667	0.189669107932593
3.13655379305001	2.33782488836691
1.044597552792	0.549941052940057
2.92160161585021	2.00381623868982
2.40876504113709	1.32979714888166
0.757907526819911	0.262495217036497
2.92969645730468	2.00568140975806
-3.01991489926479	1.17447558084968
1.83684664657014	0.791928760020377
-0.036595089691649	0.0109893141733419
-1.00896128420775	0.432749488081313
-0.0312710123465281	0.00968680342460918
0.264592589841713	0.0726674251996639
-1.32323643451405	0.483845773410031
-0.220098231368595	0.0640629683740718
3.62021974361749	1.85793877738993
0.322688428230726	0.104029568908015
0.750686376104828	0.26000121904162
0.269424565537998	0.0745088855497675
1.04697130287282	0.551758499762464
0.771199864920002	0.35050902933431
1.04370699824206	0.48829111155019
2.49728829596245	0.889565775291863
0.705078137239505	0.279891087186867
1.78034939922639	0.985831849805556
4.30885691102508	2.83610937542366
0.307023728257561	0.100322089542507
0.766634784817969	0.266141108522442
1.75160409209459	0.958248095978435
0.296126610935426	0.0965817386952446
-1.35404563812606	0.49448563379673
0.754086750701476	0.261852944414734
0.275425355065089	0.0755984844815436
1.48058609497464	0.539898934557381
0.751900945667524	0.25922251033664
1.75770766552808	0.543018781716696
1.63223302060569	0.999814579323038
0.163440146601413	0.0592445881802076
0.769206077912951	0.265215339047695
1.01087190532143	0.30059721570225
0.707961326837058	0.280114741461794
-0.963091646509503	0.30135329745963
1.15946373918961	0.480936823851912
0.719167385719369	0.284395606157772
2.15728376447347	1.06806466912847
-0.210063224848906	0.0616798300014583
0.849001453814581	0.437035990493931
0.277829632496978	0.0615704441338032
1.60547590075933	0.974885070744077
1.36104533060816	0.737421879855001
0.751520109141487	0.259843926543154
0.704065810114884	0.276329779040608
0.731113724154543	0.327104157792488
1.04736857316598	0.489384264173097
0.342568885245463	0.145991924264235
0.709461213983967	0.279544679265832
-0.234663980578032	0.0676850532209087
-0.0358496086563829	0.0120517715624921
0.7535469131402	0.261963171544521
2.42052196918633	1.33909963173734
0.704137613980906	0.277821738068031
0.273239687474602	0.0608285591105441
2.1548435534521	1.05633946002071
1.12932799679602	0.467273937311274
0.281052436624202	0.0768368034971663
0.29898815530653	0.097309047642229
-0.547257831696718	0.187012441812361
-0.205780790467671	0.0603307861547875
-0.588933479758296	0.197711502839742
0.289884890284183	0.0945343457319978
2.89364003440139	1.95202778641324
0.275257197067106	0.0749153881052897
0.833601591090277	0.428702807130073
1.47601559734022	0.541776663789516
-0.816508855599022	0.316582293095383
-0.973066483992921	0.304312721209764
1.04337415964868	0.488138922884897
-0.0246207377975687	0.00762199984477668
0.998576636896764	0.29738079749244
-1.33753150013473	0.48697273799093
-0.569947787781153	0.193343324520565
0.631336463285408	0.315001604873642
-0.0139610648144844	0.00462089343045574
1.15052918495184	0.47833390613497
1.47819650961008	0.54204566782914
-1.01052498121943	0.431419032151013
1.83061711588717	0.786688180413924
1.75770766552808	0.543018781716696
-0.136450755428947	0.0523820631479456
-1.44469783277489	0.400808259782783
-0.795626937335904	0.303487653326251
0.706661655520312	0.27926087092345
-3.30182308924105	1.40525551284813
-0.725195458080616	0.327581930042305
-0.960466901601334	0.299969286263495
-0.00917723085321949	0.0035155668573252
0.269424565537998	0.0745088855497675
-0.814549141006718	0.314042858288949
0.263843440901624	0.0592045949797639
-0.0248590069449059	0.00784118138859157
0.273239687474602	0.0608285591105441
1.05390259134887	0.496100974707052
-0.458495991778904	0.117466272933726
-2.16651097019495	0.662650493054776
1.00711243242006	0.30055824570249
-2.16895042965372	0.666392355375991
0.296138957488666	0.0959919565559137
1.00560458375811	0.298620807881837
0.166978720016268	0.0606381998621285
0.280971150466873	0.0768206315965913
-0.458495991778904	0.117466272933726
1.0340972927993	0.483554751317679
1.75533713346984	0.966424496530563
0.279182360148081	0.0762376203660791
0.526016552963273	0.230057152823165
0.739742702821167	0.331845574896778
-0.974745276737089	0.306451457008312
0.27095510345299	0.0605888447038924
-0.468946024619843	0.120036435808549
-0.213237738739985	0.0622921993050302
-1.00490223183929	0.422260238446421
1.00914991727315	0.300778774375186
2.70950169634122	1.68644086767171
0.719658232996097	0.282353500085806
1.0162566729246	0.300567910184739
2.98515947931959	1.21039507908958
1.00908470017421	0.300771436124191
0.258823077904155	0.0717816599354528
-1.31683181139656	0.480872173657673
-0.203620869132694	0.0597099485609797
0.267807866218441	0.0736553839280068
0.275766672384913	0.0612699467922861
1.02656450594002	0.473309644575245
0.480346637394053	0.234082291748467
2.97788714116164	1.2168188483315
-3.01616855564051	1.16671235390411
1.33850842917511	0.898778668183872
-3.75931716479536	1.84046797221697
1.74818941847898	0.955599471731836
-0.139379131278029	0.0535409836074888
3.88857951430537	2.15712238724318
1.75745536203664	0.960152472902897
0.309643331530284	0.100495274305449
-0.461564326462978	0.179888296104884
1.06755014824133	0.494035163950292
0.277766387658151	0.0615612664994032
0.156189940692007	0.0568770057940029
2.98308599983755	1.21915769529356
1.47295542526098	0.54086598868393
0.374006603573642	0.139619019669447
1.84470693110637	0.797323423883057
0.181409797762203	0.0655527365907814
1.31569716918621	0.788067289530778
2.26841047624135	1.56699884143302
3.86193641640115	2.15515148443268
1.62659550771014	0.996988828468896
2.69334421592892	2.22961235652278
1.85104635148117	0.795373178397934
2.45352952390124	1.35918110085173
-0.203620869132694	0.0597099485609797
0.310304685460482	0.100269900579597
0.512739720498467	0.224693479692044
-0.556085528337074	0.190655994030267
-0.249500663094001	0.0885961542113617
-0.555610460054141	0.189862658978005
0.309469935401243	0.100988423175309
1.46715902734568	0.536187908186798
0.262724409733187	0.0724741822929123
1.14809676806661	0.477419357936333
0.384765065354587	0.145434765154801
1.03615137311026	0.484188099554282
1.61844975669374	0.989716934830708
1.48149694115442	0.542806343888936
2.43241858530733	1.34683466225569
-0.974572836644204	0.304778618284001
1.76514811844201	0.976631973495198
2.02132982008435	1.24923612378012
0.766634784817969	0.266141108522442
0.405863241194245	0.15361043686822
1.83283671746411	0.786075695885584
3.3431598685228	1.52237119337929
-2.65764526087283	0.920806940645466
2.97575625753571	1.21723443475527
1.46715902734568	0.536187908186798
0.538392853438585	0.235960214450921
0.271609127779517	0.0749446132871903
0.690327879680299	0.271300845565143
2.4266419213876	1.35312129875444
1.00908470017421	0.300771436124191
0.275505702111265	0.07561448078092
-0.956503667545775	0.299643304972062
-1.0086937801413	0.430254698406894
-0.0367345820113572	0.0112539587174508
-0.220070621458067	0.064341676023056
0.279182360148081	0.0762376203660791
0.30929663374801	0.100407887557572
-0.458495991778904	0.117466272933726
0.759234631076465	0.262092995739909
3.31785588117558	1.52050733538064
2.96855095188005	1.21030658406815
-0.203620869132694	0.0597099485609797
1.84664268915251	0.794411281207087
-0.0429604400905619	0.0127595443538014
0.273145305389763	0.0748224401268987
3.32548901211188	1.53216201213628
1.48058609497464	0.539898934557381
0.253331475692477	0.0702795703356221
1.00209716595288	0.29812431681554
-1.44469783277489	0.400808259782783
1.48149694115442	0.542806343888936
1.75770766552808	0.543018781716696
1.8411987821255	0.791137301918651
1.75770766552808	0.543018781716696
1.46731053696392	0.707015468334272
-1.44469783277489	0.400808259782783
1.75770766552808	0.543018781716696
0.27152911772957	0.0749286600624887
-0.970877917813377	0.304226192382739
1.00711243242006	0.30055824570249
1.75764050257383	0.543004073369426
1.83611443995498	0.790411627524855
0.261241519489346	0.0722496317558464
-0.567985371607533	0.192355130120104
0.253549091394016	0.0703083511404985
2.97059711612895	1.20991308135464
1.75555893446021	0.542743073230609
1.03648106378604	0.484337749100938
-0.0230734362412285	0.00742759092504756
2.44743391164469	1.35584941858481
1.34530070321419	0.810986963909856
-0.444435382355959	0.173643939049458
-0.979566489377652	0.413035904160263
-2.16651097019495	0.662650493054776
1.33700197710485	0.808700772231387
0.00422808225167686	0.00132126495898672
0.849089203271403	0.438553548757441
0.353705903353413	0.150051644809143
0.226521401116399	0.0931027221953563
1.97709088412776	1.64848274744723
0.920385363036609	0.538812477174973
1.0510206103252	0.491194925199172
0.19585673945554	0.0702650802182756
0.760474024673992	0.263113878232607
0.825412427701526	0.520154690999677
1.01420492883892	0.301808154798092
-0.577803900012019	0.242794907043408
0.17057975632602	0.0616643977525807
-0.806138696266813	0.307917589967205
1.86028014107664	0.805245711650761
0.377437882147557	0.141744172938558
2.69342189522559	1.65038115557825
0.300510784340656	0.0980214252020679
-0.797311655326797	0.307674434869622
-0.543813197034591	0.185844305950658
-0.46563806002191	0.119060414236261
0.261852330644649	0.0589158813703712
3.32006654505384	1.52102277307022
1.78690465561077	0.9875962629729
-0.0140354646018282	0.00426716007339845
-0.0227980490363215	0.0071741064938372
-0.558930455764957	0.191951123467112
0.826356275029951	0.422503995532179
1.56466968045171	1.06901680488626
-0.46563806002191	0.119060414236261
1.33601493166913	0.719780928353187
1.0496347387467	0.487183724513612
1.14245322632188	0.476201507208017
0.182459237072324	0.0661151544459497
0.750556694777728	0.259976258569889
3.6346586557834	1.8553258883397
1.33776987750328	0.71590375928834
-0.0204677986320269	0.00668809091067599
-0.0398117962720551	0.0113413921230082
0.412214206557104	0.155749776989626
-0.997378072312618	0.42227278114681
1.13883080117748	0.462683917645135
1.62830532302726	0.998259732831448
1.36154557526423	0.737563666941192
0.283258474492365	0.0769420952709875
1.48149694115442	0.542806343888936
1.77309351329023	0.981146119633223
-0.468879795408661	0.120207845741076
-0.484426540933643	0.227956559593274
0.752466276425839	0.261356105733699
-1.14119456369166	0.518140546278091
-1.3206202826244	0.481223638520116
2.92897653564611	2.0134962506219
0.705644985114205	0.277433217758474
-1.60741968896027	0.664908726299387
0.167046668020569	0.0607305229248298
1.13282452200883	0.468227440648937
0.540900477411813	0.238107526819442
0.521608295160938	0.228694867801291
1.35366662746223	1.0007927669159
1.59322576033177	1.09251938341781
0.0238030319174373	0.00724122971461704
0.359987995270537	0.152897828285237
1.34192900912148	0.810037021253171
0.766634784817969	0.266141108522442
-0.833563686676855	0.488189084986056
1.4982177900563	1.31847057874086
0.399220075802994	0.148525345522044
0.183728539691984	0.0661550875519114
0.636841269835474	0.355735639878565
0.772855734960373	0.349115797001996
0.338417797979768	0.144125904933418
-1.34982791282107	0.493374511330477
-0.0131022253602309	0.0046024323373744
1.35257237213589	0.823802099236754
0.54550500306744	0.2393966065634
1.60378660085569	1.10012397341043
-1.0020801188425	0.425836601516228
0.374949412681481	0.179839697517183
3.15759578522792	2.368314620412
0.646347473086488	0.323420769996628
1.47811575942182	0.542045628908835
3.62376967644434	1.84629354954677
1.84712977681784	0.797178834938766
-0.998209161987921	0.426362299327909
-1.59428983475316	0.656280367494848
-1.06397363724452	0.597331154938429
1.47761348073276	0.71538440071524
-1.44469783277489	0.400808259782783
1.47819650961008	0.54204566782914
0.179352594280886	0.0649831807354868
0.755350071442519	0.344063942588843
-1.44469783277489	0.400808259782783
4.10639172439746	2.49272529553378
1.48572037570333	0.543068285391152
1.85055233980974	0.797896923362326
0.840040522813911	0.43533834857075
0.558404315588537	0.244241018669886
-0.259960896719193	0.0922742085924079
-0.0389936218442376	0.0113727723107441
1.63814371642306	1.00316916583985
1.00362713577511	0.298405749146998
-0.0170853276092785	0.00586335186974289
-0.709234922182423	0.322021173855544
-1.62307727007448	0.665516809108385
0.29177332678841	0.095028845449101
-2.19371114995217	1.16947846869641
-0.0221836537916609	0.00707168636605733
0.355838244839319	0.151859381895901
-3.73674359350033	1.83116812662954
1.06015672658723	0.560457078015583
0.773876400149861	0.350179022887704
1.04337840809163	0.488814870503291
0.531344255554755	0.232880002014271
-0.199103020818554	0.0585901708513214
0.317595607743945	0.102698778571699
-0.561975360284328	0.191520279248258
-1.32482799303985	0.485153665683699
-4.14197575781105	2.24237701338579
-1.58439118884538	0.648859837535133
-0.46563806002191	0.119060414236261
0.277145378186755	0.0761672272927193
-2.16651097019495	0.662650493054776
-0.267796884855252	0.0931526046587979
0.752466276425839	0.261356105733699
0.713575306842556	0.28257679094053
0.760262187525606	0.263047033967376
0.382774218342983	0.145573009024949
1.60293627447453	0.97809917436471
-0.00842924148658047	0.00318742317735326
0.74234403594347	0.334845096048937
0.0142707564012989	0.00438985239386956
1.47056197523306	0.536896700968019
0.390576877118903	0.147770056798422
0.749554341168489	0.258221946338774
-2.09852087013179	1.07580780245064
-1.82453014613871	0.8262393316155
1.46377037233232	0.535425510761873
0.355838244839319	0.151859381895901
0.273239687474602	0.0608285591105441
0.268989065712049	0.073588993975606
0.305831900839376	0.0994621799263578
1.79069962280517	0.992319504249719
0.304881566802794	0.0989818440460095
-1.14545703224771	0.521719515697563
-1.44469783277489	0.400808259782783
-1.98256163301175	0.951377104978836
-0.018635205232666	0.00617830170406389
-2.16895042965372	0.666392355375991
-0.261653313980781	0.0926473622021629
0.263843440901624	0.0592045949797639
0.267620538329607	0.0736094767929483
1.00209716595288	0.29812431681554
-0.548820376698067	0.18548679743524
-3.02367244830572	1.17680306562614
1.01420492883892	0.301808154798092
1.01619083565889	0.302024028617816
-0.458561996188165	0.117478203751225
0.723304199002371	0.286689674912379
-0.207908822074645	0.0610548686721856
2.13222723618096	1.04518832386206
1.8452949025581	0.794650534013149
0.760262187525606	0.263047033967376
2.49522710447058	0.890017702653776
-0.472259175390918	0.120714992400132
0.260035993273057	0.071688413663655
1.75555893446021	0.542743073230609
0.264868094309893	0.0731706553941453
1.15422592698858	0.479611506015935
-1.44469783277489	0.400808259782783
0.275361936936644	0.089114444873642
-1.44469783277489	0.400808259782783
1.49133293961366	0.548708265550778
-0.960466901601334	0.299969286263495
-2.67102946431479	0.922589717440158
-0.46563806002191	0.119060414236261
1.83256952785625	0.786082115164718
0.178049923064556	0.064458259948726
0.769076095892583	0.266736179180621
-0.476075003446889	0.121641469843007
0.257039130505368	0.0582363726008951
2.68466109606234	1.66357705803622
-3.03384150810531	1.18544356272712
-1.62017691826599	0.669848941862375
2.9706677117996	1.20987851096081
0.268440944754134	0.0601502518751147
3.34324749013032	1.52608700999806
0.272690543921748	0.0745215353888578
0.262764777298387	0.072751493330585
0.39382575267329	0.148960899720789
0.29898815530653	0.097309047642229
-0.954883384454466	0.297861346007004
-0.207908822074645	0.0610548686721856
2.45114523152845	1.36263115375165
1.75094005932482	0.542463345063606
2.5001518399748	0.884739952295723
-0.79046883187698	0.302367156654007
-0.969176664354977	0.304309995289516
-3.33700250487592	1.42635430713496
-1.01052498121943	0.431419032151013
-2.65131838028963	0.914527552721024
-0.479367535078531	0.122317853557677
-0.472324250359899	0.120726807686954
-3.31564568924882	1.41393765982518
1.00582979254927	0.299573419397628
2.15469414995064	1.06816137987062
-2.18484533138634	0.664753617710591
1.01619083565889	0.302024028617816
-0.46563806002191	0.119060414236261
-1.9779662900965	0.956707926048099
0.275505702111265	0.07561448078092
0.27095510345299	0.0605888447038924
0.725989039326668	0.287410095928574
0.275766672384913	0.0612699467922861
-3.02624056064944	1.17740580923589
0.267807866218441	0.0736553839280068
-1.44469783277489	0.400808259782783
0.26806876326788	0.0598914521375186
2.9706677117996	1.20987851096081
-0.0198043962002291	0.00633961094768565
-1.3206202826244	0.481223638520116
0.748132421461115	0.259389614111603
1.82914309233054	1.23266222453059
-0.557174890944518	0.191732511337526
0.766634784817969	0.266141108522442
-1.007249947807	0.424758752850041
1.47444677512967	0.698789389481049
0.27095510345299	0.0605888447038924
-0.531467415720821	0.180017516437058
0.27095510345299	0.0605888447038924
-1.60596409942698	0.660860472716949
-1.12892399622396	0.512692456089004
1.75555893446021	0.542743073230609
2.50436633075736	0.88948111530497
1.75764050257383	0.543004073369426
0.772905735292242	0.266900348390501
0.991537410005855	0.294753147188354
2.97582734285753	1.21719949420002
-0.460554696836458	0.11789676374043
2.49735614452642	0.88955465157768
-1.31683181139656	0.480872173657673
1.75094005932482	0.542463345063606
0.270491113479153	0.0744066914201544
1.48920915253837	0.545257717194554
-2.16895042965372	0.666392355375991
-2.65447717825329	0.920435949702116
-0.966862556868383	0.301931924726395
-2.16651097019495	0.662650493054776
0.275338193117768	0.0752574244724339
1.00576505188143	0.299566234938682
1.00914991727315	0.300778774375186
0.770742595579047	0.349955289552974
2.15950215896635	1.0634249787507
-0.560029057241524	0.19112706785718
2.43110926553922	1.3483071933656
0.371860336945817	0.140868553415434
0.273239687474602	0.0608285591105441
0.1754576283032	0.0635140516482058
-0.22307967031456	0.0645709485125065
0.27095510345299	0.0605888447038924
1.00883136640891	0.298702509318937
1.054451993285	0.494232276179178
-2.65447717825329	0.920435949702116
1.75555893446021	0.542743073230609
1.00209716595288	0.29812431681554
1.47811575942182	0.542045628908835
-2.66490100599406	0.921611522806606
0.259724796491191	0.0713704656374654
1.00553921448477	0.297159094825288
2.50443480768064	0.884545982785576
1.02270609408724	0.473434048235427
0.277829632496978	0.0615704441338032
0.690672582455756	0.270968689223607
0.298662358362539	0.0974231234786328
1.01413922566918	0.301800740681979
1.4851470412037	0.542969763307881
-0.0341754229668372	0.010526014489945
1.06172371065986	0.495340188809368
0.280971150466873	0.0768206315965913
0.668414769064858	0.337893292769276
0.40691387760301	0.153735805521562
2.92642623416193	1.9988552478298
1.37736759906511	1.01594832684452
0.528388593414573	0.229935452828963
0.706797967891634	0.280079568865744
1.55080813827698	1.16295127732364
0.699889738684764	0.27722560214444
1.48108351522039	0.717439945681313
-0.239740996021455	0.0847584817838529
-1.60860806544328	0.660892323019543
1.99233019017264	1.66861266894224
-0.704892496803955	0.321347516351591
0.736650439112509	0.330273367721447
2.16883414068651	1.07020583090459
0.145769604259283	0.0535638895779624
1.47761348073276	0.71538440071524
1.74995950696356	0.96100258375939
-0.538413770430621	0.184228491128372
0.283574943105613	0.0922308106929177
1.03277470653112	0.48128514919238
1.33193716767539	0.799374661911835
1.01420492883892	0.301808154798092
2.9706677117996	1.20987851096081
1.01087190532143	0.30059721570225
-0.271041715923369	0.0964546589670205
1.05392932273243	0.492193915820919
0.282760955810655	0.0921796413244385
2.97059711612895	1.20991308135464
1.06599915469928	0.563181113814856
1.3464773284987	0.72194055065019
-0.46554858086224	0.179756628177363
0.714928309452961	0.283822890305014
1.58256005018928	1.08487626271595
-0.213366495789192	0.0623299419512814
-0.987045714229167	0.418993886201036
1.14792376702227	0.477377095281396
-0.483496906639313	0.123193329231958
0.702134465020456	0.279805356281856
0.365023905398155	0.155218508505021
-0.0498561734832044	0.0148124899732186
1.00711243242006	0.30055824570249
0.759366659717662	0.263648462323991
0.360195657361033	0.152248532960086
3.87043839477999	2.17328270515291
1.01215654750589	0.299901226011272
-0.207614951816281	0.0604452601743664
0.773281034437504	0.348578245188078
4.33107430858209	2.87184777874474
0.405872192129209	0.1537119382858
2.00078937556866	1.22612638896274
3.33317222753892	1.53138081767327
-0.272551346241903	0.0965297574381935
-0.470995935095335	0.12046824245525
-0.443106615579587	0.171930839183263
1.47542311609302	0.712736379698655
-0.0303546879379644	0.00938970353829267
0.504321294316247	0.247475647309004
0.748099947788988	0.337252537851862
-1.45292664985247	0.401908715419303
-3.02979457240497	1.1748232330207
2.5001518399748	0.884739952295723
-1.6041202157872	0.6592644981038
0.277829632496978	0.0615704441338032
-0.460554696836458	0.11789676374043
1.46934499189425	0.539571406942675
1.00143319421507	0.296126030784129
1.46934499189425	0.539571406942675
0.266450791667595	0.0734150742430894
0.17522296035282	0.0638205161052538
1.47971965706804	0.543943930245588
1.46871931305233	0.708817154892419
0.99243582810547	0.296120616274771
1.00711243242006	0.30055824570249
1.15701809982794	0.48000767428885
0.685470882805621	0.270457889914114
0.751900945667524	0.25922251033664
0.27095510345299	0.0605888447038924
1.03588950649395	0.544119551857337
2.50443480768064	0.884545982785576
1.47601559734022	0.541776663789516
-1.603114131033	0.662440794178849
1.47819650961008	0.54204566782914
-2.65131838028963	0.914527552721024
0.274949636108536	0.0753490598653485
-0.0276940041281245	0.00862345754152181
2.15451967448473	1.06809087865784
2.98308599983755	1.21915769529356
0.277766387658151	0.0615612664994032
1.01619083565889	0.302024028617816
1.13075974641173	0.468970238527659
1.05077922919648	0.492639243545028
0.706560808353858	0.280598236292055
1.47537638718721	0.704247051611249
0.751900945667524	0.25922251033664
0.774413611501536	0.348933719266356
0.171131387893506	0.0621856100015363
-0.0338462383990829	0.0102778830211443
-1.58439118884538	0.648859837535133
1.47601559734022	0.541776663789516
-0.567028132080088	0.194326149855644
1.04578522989897	0.490543609359369
-0.540290509601417	0.184676121791073
2.49032965257094	0.884837195328046
-2.65131838028963	0.914527552721024
0.313672585927241	0.101363353834136
1.00914991727315	0.300778774375186
1.75764050257383	0.543004073369426
0.275425355065089	0.0755984844815436
0.268440944754134	0.0601502518751147
1.14794941287792	0.477449911496154
1.48182720039235	0.54422022719409
0.760389756144194	0.263071611701099
0.697926274836934	0.276862682379371
0.773032635189525	0.440536502426592
3.88857951430537	2.15712238724318
0.854119239493444	0.438581410855972
0.747709500342728	0.258783572058383
-0.461758044381229	0.118607522542676
-0.460554696836458	0.11789676374043
1.48572037570333	0.543068285391152
1.03599078635691	0.542073926224441
2.9736997409011	1.20994782869786
-0.212103075621267	0.0620931013303829
2.98315772137585	1.21070189819329
1.01420492883892	0.301808154798092
1.00908470017421	0.300771436124191
1.1587389357113	0.483636242330212
1.47601559734022	0.541776663789516
1.75764050257383	0.543004073369426
3.33110779745691	1.53294727347721
2.15019224927806	1.06338905486956
0.698145026863027	0.277008498115739
-2.08822082619108	1.06220810173029
-2.18484533138634	0.664753617710591
0.280971150466873	0.0768206315965913
4.31530818184963	2.83778742675257
0.766634784817969	0.266141108522442
0.769197724132151	0.264358707408074
0.707038565860815	0.280153543577913
0.264343304287438	0.0726312829131196
2.98515947931959	1.21039507908958
1.85431450801401	0.794630510928771
2.49735614452642	0.88955465157768
-0.207063205220653	0.0605846473441963
-0.954883384454466	0.297861346007004
0.29414639597185	0.0957487140781273
-0.801469788734896	0.31070149982615
-1.81203558753049	0.820218386945674
1.49208858287845	0.715046348984971
-0.01246398396794	0.00433501018589188
0.275505702111265	0.07561448078092
0.288247119616889	0.0944690127206599
3.32762896086077	1.52218058677379
3.31238660537055	1.50831821747759
0.261852330644649	0.0589158813703712
0.277829632496978	0.0615704441338032
1.47601559734022	0.541776663789516
1.00711243242006	0.30055824570249
0.967601803323359	0.624195491878186
-1.12892399622396	0.512692456089004
-0.952750368493599	0.297147305430745
0.38650442257733	0.146635901472671
3.53989679284878	3.11717407882804
-0.461758044381229	0.118607522542676
-0.442210670428962	0.171955137682427
-0.0294131649668778	0.0089664590878137
-0.553782865548104	0.189595062367609
1.48742969097263	0.542956700031624
2.49032965257094	0.884837195328046
1.01291579383259	0.2993637915867
2.15070962764397	1.05943383590038
-0.567892824971039	0.194798539088202
0.689593221915157	0.273123977976962
0.320402756868579	0.103406275978126
-3.0364286302918	1.17916113242401
-1.33454631051189	0.487079835986428
1.12031168724143	0.460321457259851
0.277145378186755	0.0761672272927193
0.283258474492365	0.0769420952709875
0.264949046474084	0.0731867742205212
2.49522710447058	0.890017702653776
2.49728829596245	0.889565775291863
2.96343053003818	1.2012377173745
1.85784218175575	0.805382441220241
0.289884890284183	0.0945343457319978
0.766505644205962	0.26611626095563
1.48174547633367	0.540792883395931
-0.552536995293876	0.189385422996488
-0.0201239627677219	0.00641119064430802
-1.44625165176183	0.400878662120978
1.762410130805	0.974081345503782
-0.458561996188165	0.117478203751225
1.75094005932482	0.542463345063606
-2.17139674355193	0.663023895669493
0.277829632496978	0.0615704441338032
-1.44625165176183	0.400878662120978
-2.65131838028963	0.914527552721024
-0.46563806002191	0.119060414236261
0.275294863104864	0.0611273441331981
-0.460554696836458	0.11789676374043
-1.44469783277489	0.400808259782783
-0.203223591198037	0.059342295955989
-1.44625165176183	0.400878662120978
-0.458495991778904	0.117466272933726
-0.215802974880961	0.0630454837478909
0.304047948939708	0.0991565568228812
-0.960466901601334	0.299969286263495
-0.46563806002191	0.119060414236261
0.707531466242297	0.280233197535596
-0.458495991778904	0.117466272933726
0.246772945410344	0.0684667256643022
-0.458561996188165	0.117478203751225
-0.267804806976212	0.0951719276030906
0.762213183555569	0.2656278755001
2.49032965257094	0.884837195328046
-2.18484533138634	0.664753617710591
0.280737767579113	0.0914898279025154
0.75722447954059	0.345145331077495
0.392705729644876	0.147823802579659
1.88772777036261	1.31425986311578
1.82446841771796	0.783834257462936
-1.58999159868018	0.651428025893028
0.705458812147134	0.280590162380551
1.48174547633367	0.540792883395931
-0.956584060782783	0.299667181642858
0.275338193117768	0.0752574244724339
0.715383079741296	0.31915857378061
-0.538585278708605	0.184304860651487
-0.441296895573391	0.172555519804577
1.15666686213929	0.479957968101201
0.260920320928825	0.0721993970899331
0.156263486327575	0.056855710504346
0.402657611279823	0.150380740100731
0.277829632496978	0.0615704441338032
0.716735573295759	0.283413979297682
-0.210062917213008	0.0611543621521507
-0.568824463208684	0.19409791210457
-0.214068391036916	0.062416670664827
1.35341775989501	0.733232185127453
-0.46563806002191	0.119060414236261
0.399637829170726	0.151097855874328
1.46442177031572	0.709419302092813
2.07346303646658	1.28181184249183
1.78399565800226	0.988411943778036
1.78085497954744	0.980872264013393
0.273314822748713	0.0751784374223357
0.547103538664677	0.240570396709067
0.517884764145439	0.25568704630582
0.666331977694181	0.33655444273541
1.05095588036304	0.491093013082062
0.261207755899619	0.0589147845480011
-1.98957234318301	0.964767892728678
-0.203512515556767	0.0596789531111361
0.747709500342728	0.258783572058383
-0.966402185135009	0.3008727036925
1.46990237569477	0.713124959715958
-0.201683094838766	0.05933713675223
1.33709729228345	0.812336102090698
2.7091422225422	1.68177477916705
-0.00917723085321949	0.0035155668573252
1.04703366252695	0.48898030271421
1.360687543638	0.738264952983574
-0.998466271109847	0.425725279480871
1.00914991727315	0.300778774375186
-0.972889290184205	0.304863073011337
-0.214066741786783	0.0617651139368689
0.277766387658151	0.0615612664994032
0.756100605147737	0.262575178415465
0.762048869371518	0.344220692405408
1.15666686213929	0.479957968101201
0.27095510345299	0.0605888447038924
-0.960429554435966	0.300611597564524
0.275766672384913	0.0612699467922861
2.49735614452642	0.88955465157768
0.760474024673992	0.263113878232607
-0.543813197034591	0.185844305950658
-0.544812109297759	0.186764246361178
1.45992746346387	0.531623027211491
1.75555893446021	0.542743073230609
0.751798279358289	0.259482255450864
-0.998466271109847	0.425725279480871
-0.46563806002191	0.119060414236261
1.01612500462513	0.300540072641943
-0.460554696836458	0.11789676374043
-1.32291124966828	0.482995186863574
-1.33258684777977	0.485371094740322
-0.547423221901409	0.187936047598709
-1.15934964660597	0.531638874008041
0.769206077912951	0.265215339047695
0.267807866218441	0.0736553839280068
-2.17947317361554	0.667691660787358
-2.67102946431479	0.922589717440158
-0.274559063753445	0.0973099586127038
3.31998296069723	1.52103682515885
2.49522710447058	0.890017702653776
-0.203512515556767	0.0596789531111361
-0.967056737819947	0.303588624832846
0.777942769156173	0.267994731767472
2.98308599983755	1.21915769529356
-3.02744125807864	1.17610399579125
-2.65131838028963	0.914527552721024
3.173116238745	2.36722985119933
0.283258474492365	0.0769420952709875
2.41816086127646	1.34409703381049
1.75094005932482	0.542463345063606
2.49522710447058	0.890017702653776
1.75094005932482	0.542463345063606
2.15451967448473	1.06809087865784
-0.256797745182122	0.0909254235357846
0.275766672384913	0.0612699467922861
1.85770901370383	0.800232386358482
0.299807811675198	0.0976003729321318
-2.67102946431479	0.922589717440158
-0.0325174321634009	0.0100787656307084
0.273239687474602	0.0608285591105441
-0.254980579887169	0.104928400892558
3.87686357175941	2.16653611031038
0.27095510345299	0.0605888447038924
-0.217636100545401	0.0636213991177075
1.75094005932482	0.542463345063606
0.741926238286533	0.256057525851733
-0.958711195066754	0.30038498118682
-0.458495991778904	0.117466272933726
0.275766672384913	0.0612699467922861
2.14466368759552	1.05825339216011
0.686418154451763	0.270348029230466
-1.60860806544328	0.660892323019543
-1.59411981838881	0.65617687542125
-1.44469783277489	0.400808259782783
0.747753762065548	0.33751175768835
0.273314822748713	0.0751784374223357
0.272525927435741	0.074485728782041
-2.66490100599406	0.921611522806606
0.261207755899619	0.0589147845480011
0.275766672384913	0.0612699467922861
3.87043839477999	2.17328270515291
2.97788714116164	1.2168188483315
2.49728829596245	0.889565775291863
-0.56899843151078	0.194177183716117
0.268906083922693	0.0738906276230429
2.98308599983755	1.21915769529356
-1.44469783277489	0.400808259782783
-2.66082267092402	0.916210872747578
0.756100605147737	0.262575178415465
1.14711563698437	0.471798037513256
3.31998296069723	1.52103682515885
3.32557352322832	1.5321480220701
0.677768271925989	0.266623654967819
-1.81682665557399	0.818155668258468
0.99439957678403	0.29633362993584
3.31785588117558	1.52050733538064
-0.549308493907484	0.188387084300348
0.751900945667524	0.25922251033664
0.275766672384913	0.0612699467922861
0.268440944754134	0.0601502518751147
2.98094413280793	1.21189285207749
-2.66111522326552	0.922190932058791
1.46300302016727	0.699541107491623
2.97582734285753	1.21719949420002
0.257262564392478	0.071240840255959
-0.460554696836458	0.11789676374043
0.268005956794003	0.0598824008639562
0.695241509739506	0.27468860813619
-1.00838770052231	0.421396187960766
0.275505702111265	0.07561448078092
-0.461758044381229	0.118607522542676
-2.1756223903279	0.667060966386335
0.277145378186755	0.0761672272927193
-0.472324250359899	0.120726807686954
-2.16651097019495	0.662650493054776
0.332688106248958	0.141213110062202
0.277766387658151	0.0615612664994032
1.00582979254927	0.299573419397628
-0.467073171629023	0.1191394698415
0.275766672384913	0.0612699467922861
1.01080667983736	0.300589955859482
-0.207908822074645	0.0610548686721856
1.74052850148392	0.945860143293651
0.991537410005855	0.294753147188354
-0.460554696836458	0.11789676374043
2.97059711612895	1.20991308135464
0.276456496483085	0.0899005782660608
1.75764050257383	0.543004073369426
0.275232090469781	0.0611182645509565
-0.543813197034591	0.185844305950658
-3.01616855564051	1.16671235390411
-1.44469783277489	0.400808259782783
-0.982365410701328	0.307002796519904
-0.458561996188165	0.117478203751225
0.263843440901624	0.0592045949797639
0.167985137477736	0.0613568645308812
1.05044873902057	0.495176078165952
1.13922803072246	0.471474154289811
1.48058609497464	0.539898934557381
-0.553478251021818	0.189479522499987
2.94391561023214	2.0176904959926
-0.960466901601334	0.299969286263495
-1.00496700391798	0.427584890620719
1.14549518866397	0.474188994039933
-0.46563806002191	0.119060414236261
-0.979762301834898	0.305578877804469
-2.16651097019495	0.662650493054776
1.01619083565889	0.302024028617816
-0.476447511059378	0.121598783227069
1.00711243242006	0.30055824570249
-0.803202080952886	0.310694259479825
-0.952669644838985	0.29712349761026
-1.14019302454594	0.522549753786555
0.27095510345299	0.0605888447038924
0.252092647494219	0.069745955370262
1.86041416631232	0.805216550019813
0.27095510345299	0.0605888447038924
2.50429786101447	0.884526830812745
1.48127163993987	0.7095462132602
2.5001518399748	0.884739952295723
0.27095510345299	0.0605888447038924
-1.44469783277489	0.400808259782783
-1.44469783277489	0.400808259782783
2.50222323843153	0.889938752296322
-2.16651097019495	0.662650493054776
0.27095510345299	0.0605888447038924
-1.45292664985247	0.401908715419303
1.01087190532143	0.30059721570225
0.295086701932884	0.096206656306829
0.755973044491222	0.262550605156726
2.98508762927236	1.1991530177036
-3.32268849504111	1.42169297908229
3.86441760506007	2.15752741764702
1.75555893446021	0.542743073230609
1.00711243242006	0.30055824570249
0.27915518041716	0.0911480202732347
0.697901186132207	0.276933520489296
-0.97862461392936	0.306443098662158
3.3389167219195	1.52695555590706
-1.59956957004287	0.656279872978309
-0.224926674214452	0.0651083692683935
2.50222323843153	0.889938752296322
0.280971150466873	0.0768206315965913
2.96855095188005	1.21030658406815
3.88552002777358	2.18179582641487
-0.535958758901269	0.183141059881352
-2.16895042965372	0.666392355375991
-0.194736962581442	0.0569977470113837
-1.44625165176183	0.400878662120978
0.264868094309893	0.0731706553941453
-0.221918505205204	0.064512342685862
0.775356509998776	0.268926976170549
-1.45683331178928	0.402779430428963
-0.468879795408661	0.120207845741076
-1.13571469367528	0.518546757472397
1.75555893446021	0.542743073230609
1.75555893446021	0.542743073230609
-0.460554696836458	0.11789676374043
-1.44625165176183	0.400878662120978
2.97575625753571	1.21723443475527
0.273239687474602	0.0608285591105441
-0.476075003446889	0.121641469843007
-0.460554696836458	0.11789676374043
1.00209716595288	0.29812431681554
-2.17947317361554	0.667691660787358
1.00560458375811	0.298620807881837
-0.458495991778904	0.117466272933726
-0.979884745750558	0.413270585015456
-0.808303531430782	0.312006565027001
0.37435528952496	0.140748410029981
0.281052436624202	0.0768368034971663
1.0162566729246	0.300567910184739
-0.550385033330481	0.188464633835418
1.47253080386056	0.707016391615098
-0.553782865548104	0.189595062367609
-0.468879795408661	0.120207845741076
-1.31478873431105	0.478029969218122
1.00156404096009	0.296153491936301
1.46926205421757	0.539571433749836
1.01278508246227	0.299336338162358
1.00914991727315	0.300778774375186
0.27095510345299	0.0605888447038924
1.00914991727315	0.300778774375186
0.750556694777728	0.259976258569889
-3.02624056064944	1.17740580923589
-1.61870493746522	0.66363996669266
-0.966862556868383	0.301931924726395
1.34894033768861	0.722408455120433
-0.952750368493599	0.297147305430745
-1.33245779362855	0.485310692301871
2.12476446726307	1.63308336378073
-1.44469783277489	0.400808259782783
3.34099331313766	1.5360163282796
0.267807866218441	0.0736553839280068
3.86210462329579	2.15527297709251
-0.451357105409662	0.175985701342404
1.83431543382442	0.791049700440985
0.289512787413485	0.0938566893836968
0.260035993273057	0.071688413663655
-2.17810657300834	0.667476533058354
-0.476075003446889	0.121641469843007
-0.213366495789192	0.0623299419512814
1.08144581565524	0.569968381740783
-1.44469783277489	0.400808259782783
3.63728708314441	1.84960962585221
0.263843440901624	0.0592045949797639
0.746358126731608	0.258341786187046
1.01420492883892	0.301808154798092
0.275425355065089	0.0755984844815436
-0.461758044381229	0.118607522542676
-0.966862556868383	0.301931924726395
-3.53847700975011	1.62970744822743
-3.01991489926479	1.17447558084968
-3.01616855564051	1.16671235390411
-3.02367244830572	1.17680306562614
0.748132421461115	0.259389614111603
-0.21864677721782	0.0629563800660239
-0.549218256855365	0.18628212681283
0.778323474674931	0.350011929979766
-0.211538602697741	0.06164579796967
1.75770766552808	0.543018781716696
4.33277941409064	2.85000860609851
2.97575625753571	1.21723443475527
0.756100605147737	0.262575178415465
2.98094413280793	1.21189285207749
-0.430476549261741	0.167355829376184
1.00914991727315	0.300778774375186
-0.225830702985288	0.0654458778429155
-0.549474100920593	0.187358516835642
0.261207755899619	0.0589147845480011
-0.960466901601334	0.299969286263495
0.277766387658151	0.0615612664994032
2.49522710447058	0.890017702653776
1.4763570159446	0.535426970518913
1.01619083565889	0.302024028617816
2.5001518399748	0.884739952295723
0.266014741604683	0.0595934876220686
-0.460554696836458	0.11789676374043
0.277766387658151	0.0615612664994032
1.13738774118243	0.472289067758675
0.263906309031788	0.0592136424314833
0.277766387658151	0.0615612664994032
0.757834100850201	0.262459887235966
-0.199897904394228	0.0584333026619929
-0.960429554435966	0.300611597564524
0.764911639470832	0.264720656206304
0.543294420358365	0.239117739339416
2.69043282359107	1.66643095065448
-0.977442141177815	0.305889532574608
-0.194866023401917	0.0572803773781823
1.82699781513229	0.784709453528686
0.388578921438833	0.146840389644473
2.50222323843153	0.889938752296322
-0.973715000807048	0.303593193282086
0.277829632496978	0.0615704441338032
0.357660946329174	0.152460488069911
0.665574807778532	0.332708341951828
2.49728829596245	0.889565775291863
0.141419114979869	0.0514981886532099
-0.0326681074182826	0.0096979819811376
1.07656857256721	0.632514377706834
-0.270759220471997	0.0959128408882238
0.277766387658151	0.0615612664994032
0.300677667146909	0.0976751080967784
0.298662358362539	0.0974231234786328
-0.798807540607082	0.309107886929974
0.280971150466873	0.0768206315965913
0.709575684731661	0.282073482547609
-0.212210830605994	0.0621243195417873
-2.17139674355193	0.663023895669493
-2.65764526087283	0.920806940645466
1.15070309578543	0.475493175074804
0.275294863104864	0.0611273441331981
-2.16895042965372	0.666392355375991
-3.32689931102585	1.42969233739266
0.752466276425839	0.261356105733699
-2.17810657300834	0.667476533058354
1.14591921626996	0.475322233492435
0.291728973156742	0.0947494638145895
-0.201683094838766	0.05933713675223
-0.952669644838985	0.29712349761026
0.695795382837478	0.275479295496481
0.700508631993057	0.274016844337687
0.27152911772957	0.0749286600624887
0.410491714755222	0.154868474596971
1.04670715922131	0.486300629503201
1.64283667725089	1.00788408597977
-0.251707102227151	0.0891222007352134
1.81772045298113	1.3780015494361
2.97788714116164	1.2168188483315
-1.31260923435916	0.476975376717487
1.82159657294634	0.782488427007864
2.2913539446814	1.59211713371742
0.534555291371508	0.234440229373943
0.209300854409637	0.0870068624273134
0.27095510345299	0.0605888447038924
2.17555212889913	1.07511017416549
-0.817102920784009	0.31738792921655
0.173280593791768	0.0627965058335109
0.152096295513579	0.0554856423402297
-0.27836613877493	0.0985820389365776
2.0996298676781	1.61773089480293
0.768946200353962	0.265163616559689
0.402602857975579	0.153316143466597
-0.458495991778904	0.117466272933726
1.00380012984799	0.299354932466524
-0.428583996571833	0.167685965409664
3.87419675719192	2.16382191247726
0.275766672384913	0.0612699467922861
1.77602448503476	0.983546380525806
0.268005956794003	0.0598824008639562
0.34323632346463	0.145733239049488
-0.958711195066754	0.30038498118682
-0.0320072404349092	0.00981570972244769
1.14794941287792	0.477449911496154
-0.285938919236441	0.100959524489775
-2.16895042965372	0.666392355375991
-0.550213162619395	0.188387201398445
0.759234631076465	0.262092995739909
0.273225913925955	0.0748384231410871
-0.810280715579449	0.315391169506248
0.74909357243029	0.339285467647842
0.278850361489613	0.0760171922419336
-0.460554696836458	0.11789676374043
-1.27060477664303	0.612136082363108
-0.194736962581442	0.0569977470113837
0.185596188065497	0.0672453804546835
1.3570598888513	0.733486291799895
-0.205780790467671	0.0603307861547875
-0.689515485680802	0.305981615325473
1.84919529275275	0.8008898035587
1.83865429890561	0.795364637357605
0.405215682561238	0.153613991879918
0.263928053364022	0.0729865177858496
-0.958711195066754	0.30038498118682
-0.486633475169716	0.123255153339382
0.757834100850201	0.262459887235966
3.88284040212007	2.16668667688919
2.96343053003818	1.2012377173745
1.77673013480631	0.987698982618443
2.15693308038143	1.06805657235513
0.27095510345299	0.0605888447038924
-1.35108967649153	0.490889893380423
1.49124992624023	0.54524125641358
1.75094005932482	0.542463345063606
0.764651776725553	0.264668932875259
0.769206077912951	0.265215339047695
-0.974572836644204	0.304778618284001
-0.993848195758592	0.423516568328917
-0.793201110971439	0.305880426414526
0.7535469131402	0.261963171544521
-0.46563806002191	0.119060414236261
-0.974745276737089	0.306451457008312
1.48588455338373	0.543071205920836
1.48360711315385	0.546240628742936
-1.44469783277489	0.400808259782783
0.996548065769997	0.297161184342288
0.257262564392478	0.071240840255959
0.180613145112931	0.0651128629444176
-3.53847700975011	1.62970744822743
-0.46563806002191	0.119060414236261
0.751900945667524	0.25922251033664
0.278850361489613	0.0760171922419336
0.765511223972017	0.26426305239393
0.772905735292242	0.266900348390501
-0.441194847235902	0.170453419582491
1.8454248882722	0.799787056747286
-1.33454631051189	0.487079835986428
0.755973044491222	0.262550605156726
3.14928133097512	2.36418824801949
1.16300438353894	0.480818734384464
2.49187891685303	1.91017460023879
-0.990094211204209	0.419896598093625
0.412883667754167	0.156546712670951
2.15001778575079	1.0633186990816
1.49124992624023	0.54524125641358
0.762213183555569	0.2656278755001
1.46755032678372	0.536716093079267
-2.65131838028963	0.914527552721024
1.47753424433075	0.540533016072505
1.14996317325602	0.479552051167522
1.48360711315385	0.546240628742936
0.29807795050875	0.0973617524240366
-0.968113709743261	0.303450518365283
-0.561538094685344	0.193139341110017
-2.16651097019495	0.662650493054776
-3.01991489926479	1.17447558084968
-1.45292664985247	0.401908715419303
1.48920915253837	0.545257717194554
4.11590605626693	2.51060726941817
0.304881566802794	0.0989818440460095
-0.543111286378498	0.18570189872288
0.998576636896764	0.29738079749244
-0.987269729489685	0.307640982035053
1.00209716595288	0.29812431681554
1.47971965706804	0.543943930245588
-0.205780790467671	0.0603307861547875
1.48580244469922	0.546518943249233
-0.0340246246343205	0.0102857741170266
-0.203352641191187	0.0596373721425594
0.275338193117768	0.0752574244724339
-2.65764526087283	0.920806940645466
0.27095510345299	0.0605888447038924
0.30600911067608	0.10003887280986
0.713575306842556	0.28257679094053
0.773643032202005	0.267504529690869
-1.44469783277489	0.400808259782783
1.07876292584407	0.569404025717374
1.7770390751902	0.977089556124952
1.1292801470647	0.674310368713256
2.25975367246596	1.5500995396408
2.05803756798656	1.28543024955273
0.999455923151153	0.297360027791858
1.07288910661985	0.567700189541085
1.00914991727315	0.300778774375186
0.755033028341278	0.261975416389509
0.689237128641551	0.271546387881466
0.747840614097253	0.258808821684303
1.07225855398376	0.558973196688271
0.279960014819463	0.0916356519269485
1.48825553300735	0.721542803589546
-0.43171299000356	0.168318028530763
-0.570711119042621	0.195093216408048
1.01420492883892	0.301808154798092
1.75770766552808	0.543018781716696
1.13524991454851	0.471378764611831
0.273314822748713	0.0751784374223357
-0.231285008191327	0.0666516882131169
0.732821204037411	0.328945101900039
0.299807811675198	0.0976003729321318
2.01980811872748	1.23752254223537
1.05770868692458	0.498726845922036
0.273314822748713	0.0751784374223357
1.00908470017421	0.300771436124191
-1.3206202826244	0.481223638520116
-1.44469783277489	0.400808259782783
3.62981054120478	1.8376715453333
0.71794509406731	0.318211749938021
-1.44469783277489	0.400808259782783
-0.476447511059378	0.121598783227069
-2.16651097019495	0.662650493054776
-1.01349568785094	0.431054029815306
0.307023728257561	0.100322089542507
0.261207755899619	0.0589147845480011
-3.55330466211885	1.63615487338735
0.747561998017627	0.258693874811809
-2.17810657300834	0.667476533058354
-2.16895042965372	0.666392355375991
-0.964286910938442	0.300161454512431
0.262764777298387	0.072751493330585
2.70236745209157	1.67451018820186
2.45257411217311	2.589926749007
0.275766672384913	0.0612699467922861
1.48920915253837	0.545257717194554
0.253331475692477	0.0702795703356221
1.14937499965852	0.476694399528493
1.15928724685163	0.480930735550636
1.83684664657014	0.791928760020377
1.85418200116997	0.801615556582217
-0.441194847235902	0.170453419582491
1.76602236708307	0.976739507194158
1.00711243242006	0.30055824570249
1.04900933872927	0.489375189630194
0.277829632496978	0.0615704441338032
0.271609127779517	0.0749446132871903
0.998797712011982	0.296935091699254
4.11565045982556	2.49804844476202
3.1350921557382	2.34098902989447
0.257039130505368	0.0582363726008951
1.75094005932482	0.542463345063606
1.75251820594186	0.949355047157388
2.49735614452642	0.88955465157768
0.762213183555569	0.2656278755001
-0.458561996188165	0.117478203751225
2.50229157117169	0.889927661590642
-0.220098231368595	0.0640629683740718
0.99243582810547	0.296120616274771
-1.60623088985846	0.660152730544303
0.292316493672875	0.0951912464939971
1.75770766552808	0.543018781716696
1.47971965706804	0.543943930245588
0.313672585927241	0.101363353834136
1.00209716595288	0.29812431681554
0.261207755899619	0.0589147845480011
0.267620538329607	0.0736094767929483
0.281944191890307	0.0921562463252604
-1.44469783277489	0.400808259782783
-1.32956001305386	0.487832859162331
-2.16651097019495	0.662650493054776
0.249594694768675	0.0693438323845112
0.752212219707591	0.342198033085036
2.4274458766574	1.3508213803802
1.0162566729246	0.300567910184739
1.0454322867042	0.48691008238128
0.766505644205962	0.26611626095563
0.277829632496978	0.0615704441338032
1.63019691108457	1.00387913675823
2.68083080004612	1.65737090380801
2.15070962764397	1.05943383590038
1.04030325383353	0.487605623883929
-0.552710620038653	0.189463939612315
0.712006179595067	0.282713694456967
0.30160341076925	0.0984920882872059
0.759234631076465	0.262092995739909
0.991537410005855	0.294753147188354
-1.33328352993218	0.487874628736069
1.75764050257383	0.543004073369426
0.300510784340656	0.0980214252020679
2.49522710447058	0.890017702653776
0.261159920433392	0.0722333826932413
-0.461823580304099	0.118619420067939
1.48368879487586	0.546240604336868
1.48522931836687	0.542970242796925
1.46276005432079	0.703393668245676
1.48920915253837	0.545257717194554
-3.32831772754592	1.42574910992511
2.49032965257094	0.884837195328046
-0.579782807377326	0.194828808583939
-3.02979457240497	1.1748232330207
1.47601559734022	0.541776663789516
-2.16651097019495	0.662650493054776
0.998511881482462	0.297373578337826
0.275294863104864	0.0611273441331981
0.706661655520312	0.27926087092345
-0.0316779330676082	0.00975543216139409
0.277766387658151	0.0615612664994032
-2.66432341179888	0.926895125606565
-0.273362161097799	0.0963000978834339
-0.964286910938442	0.300161454512431
-1.44469783277489	0.400808259782783
-1.45292664985247	0.401908715419303
0.273239687474602	0.0608285591105441
0.257262564392478	0.071240840255959
0.310766478736223	0.100410218848517
1.33413392604804	0.805169769889418
-0.70193188030631	0.318925175985997
1.03707319713086	0.483919430110087
2.42215099952119	1.33317185781884
0.00547648614367066	0.00131404793162253
1.15628974139121	0.479557640571927
0.278850361489613	0.0760171922419336
0.760474024673992	0.263113878232607
1.04869745034987	0.550068637122365
1.00914991727315	0.300778774375186
-0.538585278708605	0.184304860651487
1.15911085021763	0.477009699492482
0.760389756144194	0.263071611701099
-0.494928694152142	0.125300758789782
0.277829632496978	0.0615704441338032
1.46934499189425	0.539571406942675
0.252320610148159	0.0696773687436747
-0.204131039307728	0.0597452607847637
-1.44469783277489	0.400808259782783
-0.00980748547802488	0.00347948445583115
1.33916475579661	0.716962086275256
-1.13806323741733	0.518695222439677
0.744557622725103	0.255663577412716
2.01574336691205	1.24087718103753
0.273239687474602	0.0608285591105441
-2.16651097019495	0.662650493054776
1.82996665706064	0.787550435089779
1.85162090348127	0.805916351154778
-0.0270480314315915	0.00852834101632257
1.48360711315385	0.546240628742936
-0.549474100920593	0.187358516835642
1.14549518866397	0.474188994039933
0.75977769646665	0.263612801697583
-0.565507720801969	0.191762831883411
0.716491358158198	0.284947539788639
1.85418200116997	0.801615556582217
2.97575625753571	1.21723443475527
-0.976802172449615	0.304873280334912
1.00711243242006	0.30055824570249
1.86272119808137	0.799206758937511
-0.210063224848906	0.0616798300014583
0.260035993273057	0.071688413663655
0.27152911772957	0.0749286600624887
0.160740700955502	0.0585701080800809
1.00914991727315	0.300778774375186
-1.33245779362855	0.485310692301871
3.31998296069723	1.52103682515885
1.45342506860283	0.694632013711069
0.317595607743945	0.102698778571699
-3.03003530701492	1.18442083882989
0.273314822748713	0.0751784374223357
0.280971150466873	0.0768206315965913
0.277766387658151	0.0615612664994032
-1.45683331178928	0.402779430428963
1.49133293961366	0.548708265550778
3.61188561339073	1.84332795498656
1.75764050257383	0.543004073369426
-1.45292664985247	0.401908715419303
1.75555893446021	0.542743073230609
1.01278508246227	0.299336338162358
1.48588455338373	0.543071205920836
1.0162566729246	0.300567910184739
-2.17947317361554	0.667691660787358
-1.31672356585148	0.480822935509075
0.701053836341678	0.276537115348457
-1.44469783277489	0.400808259782783
2.96855095188005	1.21030658406815
0.769076095892583	0.266736179180621
0.277829632496978	0.0615704441338032
1.00711243242006	0.30055824570249
1.75764050257383	0.543004073369426
-1.44469783277489	0.400808259782783
-2.16651097019495	0.662650493054776
0.27095510345299	0.0605888447038924
1.01413922566918	0.301800740681979
-0.468946024619843	0.120036435808549
1.85527491126714	0.798870252951708
1.84046659929692	0.793920994239666
1.47753424433075	0.540533016072505
1.75770766552808	0.543018781716696
3.32006654505384	1.52102277307022
0.267807866218441	0.0736553839280068
-2.16651097019495	0.662650493054776
1.75555893446021	0.542743073230609
0.296297342867543	0.0966244768497895
-0.964284450106862	0.302508044351495
-0.970877917813377	0.304226192382739
-0.974572836644204	0.304778618284001
0.755474011952805	0.260514599383896
1.83431543382442	0.791049700440985
0.275232090469781	0.0611182645509565
0.277829632496978	0.0615704441338032
0.38332090276644	0.145394313330758
-0.568845694722119	0.192600832187926
-0.555577510557824	0.189472835726935
1.16346755882424	0.476473616766276
-0.560203044429915	0.191205786230639
1.48058609497464	0.539898934557381
-0.0104523102465263	0.00383941809108295
0.27095510345299	0.0605888447038924
1.8490644825133	0.8008686683649
2.43191952411564	1.3540308640595
3.33874310885458	1.5270578824316
1.01215654750589	0.299901226011272
2.68903701321316	1.66363026923566
-0.968113709743261	0.303450518365283
1.75770766552808	0.543018781716696
-1.31250069658721	0.47692642719627
1.75885883756484	0.972740234755567
0.27095510345299	0.0605888447038924
1.7487988136023	0.955352559476868
2.97582734285753	1.21719949420002
-1.36548808389503	0.702720615515808
2.49728829596245	0.889565775291863
1.8411987821255	0.791137301918651
1.47295542526098	0.54086598868393
-1.44625165176183	0.400878662120978
-0.468879795408661	0.120207845741076
-2.16895042965372	0.666392355375991
1.00711243242006	0.30055824570249
1.46592402445299	0.706225253490448
1.15701809982794	0.48000767428885
1.75094005932482	0.542463345063606
2.49032965257094	0.884837195328046
0.283258474492365	0.0769420952709875
-2.17139674355193	0.663023895669493
0.27095510345299	0.0605888447038924
0.830069600780136	0.42483011248784
-1.33454631051189	0.487079835986428
0.275766672384913	0.0612699467922861
0.39941365858214	0.150735223012703
-1.44469783277489	0.400808259782783
-0.960466901601334	0.299969286263495
-0.46563806002191	0.119060414236261
3.32006654505384	1.52102277307022
0.273314822748713	0.0751784374223357
0.268440944754134	0.0601502518751147
-0.974572836644204	0.304778618284001
-0.458495991778904	0.117466272933726
0.747840614097253	0.258808821684303
1.48946777048992	0.543247845794858
1.75094005932482	0.542463345063606
-2.1756223903279	0.667060966386335
-1.45292664985247	0.401908715419303
1.75770766552808	0.543018781716696
-0.0204677986320269	0.00668809091067599
2.97575625753571	1.21723443475527
1.49133293961366	0.548708265550778
1.45800039556577	0.70245539459636
1.47601559734022	0.541776663789516
0.991537410005855	0.294753147188354
1.01619083565889	0.302024028617816
0.275294863104864	0.0611273441331981
1.138018374382	0.473145225745941
-2.65764526087283	0.920806940645466
-1.33378577426887	0.489265756641806
0.174320475334902	0.0634242020492876
2.49522710447058	0.890017702653776
0.267620538329607	0.0736094767929483
2.9778159226856	1.20844922023267
0.389654424857841	0.147936543341243
1.00711243242006	0.30055824570249
-0.802273364647201	0.308884224772983
-0.809394599172535	0.386368911369252
0.306377725504015	0.0989726742787123
1.46755032678372	0.536716093079267
0.250524573263134	0.0695196667987602
0.27095510345299	0.0605888447038924
2.44534709909509	1.35926177927421
0.313392587483657	0.101788556041691
2.17783268063247	1.06713007598088
0.00271818922951452	0.000707157299086499
-0.46563806002191	0.119060414236261
-1.3471767508934	0.490247027318156
0.278850361489613	0.0760171922419336
1.14348958033968	0.477271945781014
-0.468879795408661	0.120207845741076
0.279960014819463	0.0916356519269485
3.33882989516732	1.53757399564911
-0.168800487579216	0.0644807252548828
0.278850361489613	0.0760171922419336
-0.0257365326876142	0.00819190475795907
0.749246563605458	0.258871730541839
-1.81143101404929	0.817690055107644
-0.475094155036222	0.121335074361883
1.01413922566918	0.301800740681979
2.1508831810315	1.06575072670122
1.47415763707219	0.539774747116205
2.97575625753571	1.21723443475527
1.00908470017421	0.300771436124191
-1.45292664985247	0.401908715419303
2.49032965257094	0.884837195328046
-0.254108013906223	0.0899672027579788
1.75094005932482	0.542463345063606
0.998797712011982	0.296935091699254
-3.03003530701492	1.18442083882989
1.48912653018978	0.545257130565926
-0.476075003446889	0.121641469843007
-3.3122003004292	1.41852050310662
0.395370933893996	0.150039199127131
-0.203512515556767	0.0596789531111361
0.685203509512349	0.270372566262236
0.714817732285989	0.284009231895152
0.275766672384913	0.0612699467922861
0.410491714755222	0.154868474596971
1.62483233784028	1.00111414881499
-1.3206202826244	0.481223638520116
1.49354330462725	0.545539921588615
-1.81203558753049	0.820218386945674
0.273239687474602	0.0608285591105441
3.32557352322832	1.5321480220701
2.43058331291858	1.35351012791267
0.277064429728852	0.076151098582181
-0.990634236194669	0.421166065288683
3.32548901211188	1.53216201213628
-2.1756223903279	0.667060966386335
2.50436633075736	0.88948111530497
0.301283416880469	0.0981306896550256
2.15015466012922	1.06005151637889
-0.960466901601334	0.299969286263495
3.62376967644434	1.84629354954677
-0.963172983656371	0.301377563988896
0.999521216087424	0.297367350526465
2.98523133612053	1.21036324165882
2.16075910885318	1.06913290918903
1.01413922566918	0.301800740681979
-2.66111522326552	0.922190932058791
-3.53424190677879	1.62440422178586
-0.241158258823729	0.0690864898756904
2.15728376447347	1.06806466912847
-0.483655962087743	0.12303493910632
2.49728829596245	0.889565775291863
0.277766387658151	0.0615612664994032
-0.983003826273236	0.526683237643607
-3.04388635468984	1.19049952656149
0.511423290669058	0.222733924056631
0.412571623174477	0.154764059180469
-0.0235502628406644	0.00745008608623557
0.340555695831164	0.144493962108132
0.275425355065089	0.0755984844815436
1.00908470017421	0.300771436124191
1.32356841420328	0.801700578699398
1.47088516432864	0.713245228598679
1.35985045839312	0.82583108491536
-0.554737167117009	0.190625050393385
1.76891961613391	0.979215325285456
0.756797898588211	0.263028697208426
0.699693371679569	0.275720236815554
-0.458561996188165	0.117478203751225
-0.965298882610027	0.302096315932842
-0.458561996188165	0.117478203751225
2.9736997409011	1.20994782869786
0.283176760163195	0.0772590024670822
1.49124992624023	0.54524125641358
0.269424565537998	0.0745088855497675
1.06442821064754	0.499461120215738
1.75094005932482	0.542463345063606
0.760262187525606	0.263047033967376
-0.458561996188165	0.117478203751225
1.8455549604237	0.794644018180083
-0.46563806002191	0.119060414236261
0.273314822748713	0.0751784374223357
-0.99027813661309	0.418721042226328
-0.556085528337074	0.190655994030267
-0.567892824971039	0.194798539088202
-3.03122138426739	1.17077232525546
1.48920915253837	0.545257717194554
-0.987872187522951	0.418753782077927
-1.44469783277489	0.400808259782783
-0.0120609103808846	0.00435028088738155
0.267807866218441	0.0736553839280068
-0.203620869132694	0.0597099485609797
2.97582734285753	1.21719949420002
1.44859041136231	0.688354555374262
-1.44469783277489	0.400808259782783
-1.15606338730338	0.533488377367858
2.43052239309016	1.35816199613229
1.04030325383353	0.487605623883929
2.50229157117169	0.889927661590642
1.04388440990717	0.4819338870219
-0.249695906682954	0.0883487442768404
2.50222323843153	0.889938752296322
0.777942769156173	0.267994731767472
0.305253939130205	0.0990512485992489
-0.472259175390918	0.120714992400132
1.86648775065209	1.28896476659562
2.9706677117996	1.20987851096081
2.9706677117996	1.20987851096081
-0.233055430001102	0.0670303023634305
2.50429786101447	0.884526830812745
-0.560203044429915	0.191205786230639
1.00209716595288	0.29812431681554
1.03071906009025	0.478186125953027
1.00380012984799	0.299354932466524
-2.65447717825329	0.920435949702116
-0.534096754728443	0.182024648312995
1.13984025444293	0.472965635367536
2.49522710447058	0.890017702653776
0.268440944754134	0.0601502518751147
-0.0120609103808846	0.00435028088738155
-1.35366590453504	0.488894914246088
-0.968113709743261	0.303450518365283
-0.46563806002191	0.119060414236261
0.277766387658151	0.0615612664994032
1.13191706313986	0.468210720700756
0.259056485430012	0.0718141366350187
1.88077908440957	1.29905812325466
2.97582734285753	1.21719949420002
0.761174207623906	0.262596381225865
1.48066972112752	0.543316993446897
-0.476075003446889	0.121641469843007
0.267807866218441	0.0736553839280068
1.76559632358263	0.97196730461059
-1.59555144084885	0.654974260604701
-0.812919189896011	0.314429152749096
2.42483379138084	1.35026225849857
1.00914991727315	0.300778774375186
1.33896370975325	0.896782878250783
0.741926238286533	0.256057525851733
1.8539172500721	0.794679967048729
1.47819650961008	0.54204566782914
0.27095510345299	0.0605888447038924
-0.458495991778904	0.117466272933726
0.210332327808926	0.0865760578897368
0.275505702111265	0.07561448078092
0.998576636896764	0.29738079749244
0.156247630712122	0.0570245726492956
0.996548065769997	0.297161184342288
2.67480274340883	1.64117699150803
0.268440944754134	0.0601502518751147
2.50229157117169	0.889927661590642
-0.259960896719193	0.0922742085924079
-0.260254161671529	0.092421932913548
0.535022064937624	0.234477054207567
1.12744519490739	0.465826407243209
0.723057749866949	0.285034704537264
-0.0093877005107822	0.00357761170912407
3.33325806556061	1.54201506041654
0.275232090469781	0.0611182645509565
-0.974572836644204	0.304778618284001
1.0035618937212	0.298398454303678
1.78386590833204	0.981702102516034
1.47423804353579	0.539774680566874
1.13785571618401	0.472332896488704
0.757834100850201	0.262459887235966
0.275294863104864	0.0611273441331981
1.85404958186626	0.801644273831349
-1.61728216248948	0.667317164591535
-0.544812109297759	0.186764246361178
0.264868094309893	0.0731706553941453
0.689698464051239	0.272215349007599
2.69793382308688	2.25456510469409
0.385301387301986	0.145423355490796
-0.479367535078531	0.122317853557677
3.87898321791787	2.16170943797554
0.697393114363811	0.275076667764266
-0.011114786323754	0.00396149482307307
-0.201554881407669	0.0592999386814335
-0.46563806002191	0.119060414236261
-0.46563806002191	0.119060414236261
-1.44469783277489	0.400808259782783
0.29807795050875	0.0973617524240366
0.413088808012411	0.155871119198731
0.269424565537998	0.0745088855497675
-0.218500372710124	0.0633505750006009
0.272690543921748	0.0745215353888578
0.752466276425839	0.261356105733699
0.307023728257561	0.100322089542507
1.75770766552808	0.543018781716696
-0.203512515556767	0.0596789531111361
1.14449572816145	0.475419616476456
1.13035617068084	0.466149511971066
1.47861156757895	0.715996054805956
1.75094005932482	0.542463345063606
1.75770766552808	0.543018781716696
2.17229260917434	1.06875184198955
-0.468879795408661	0.120207845741076
-0.274870788635593	0.0974955211982425
0.269424565537998	0.0745088855497675
-0.0325199357186802	0.00991120911986177
0.715396070864244	0.282379411655356
-0.801469788734896	0.31070149982615
-0.549705068758951	0.187059829517402
1.75094005932482	0.542463345063606
0.706797967891634	0.280079568865744
0.287394338611883	0.0936044565243695
-0.969176664354977	0.304309995289516
-3.32689931102585	1.42969233739266
-1.33454631051189	0.487079835986428
1.00209716595288	0.29812431681554
-2.65447717825329	0.920435949702116
1.01612500462513	0.300540072641943
1.86028014107664	0.805245711650761
0.283176760163195	0.0772590024670822
1.78413207159174	0.978644766906236
1.01413922566918	0.301800740681979
-0.458561996188165	0.117478203751225
0.764781664844547	0.266248081952875
0.369534000904255	0.139202504096833
-3.54741931480065	1.63223465235294
3.31238660537055	1.50831821747759
1.0162566729246	0.300567910184739
2.14527460956575	1.05706819188071
1.46385236761375	0.535425545924917
0.769065485047246	0.262275061338433
-0.461823580304099	0.118619420067939
0.761174207623906	0.262596381225865
0.279182360148081	0.0762376203660791
2.16353584153962	1.07087434612375
-2.16895042965372	0.666392355375991
0.30160341076925	0.0984920882872059
-0.198973965040934	0.0582995391325231
-0.0414433326204018	0.0123419015559635
0.275766672384913	0.0612699467922861
-2.1756223903279	0.667060966386335
0.709205114377496	0.278187208041419
0.280971150466873	0.0768206315965913
0.718819957028481	0.284462513502879
0.357660946329174	0.152460488069911
1.75764050257383	0.543004073369426
1.75590948329271	0.965223466886457
0.710906239947928	0.279851183820594
1.83061711588717	0.786688180413924
1.04720333890319	0.491427387446959
0.277766387658151	0.0615612664994032
1.46847817264671	0.708710438871602
0.273239687474602	0.0608285591105441
0.385301387301986	0.145423355490796
0.277145378186755	0.0761672272927193
1.00209716595288	0.29812431681554
2.49522710447058	0.890017702653776
2.17515884924031	1.07525873219393
0.756929166191779	0.263053930710304
0.67993245151343	0.268093789822837
3.86193641640115	2.15515148443268
0.311397755839039	0.101280357497543
1.87136085403888	1.30071707505211
0.764781664844547	0.266248081952875
-1.33122750086656	0.48799355681002
1.00582979254927	0.299573419397628
0.304047948939708	0.0991565568228812
-1.27718960546879	0.626912513452321
0.270491113479153	0.0744066914201544
2.49728829596245	0.889565775291863
1.04720333890319	0.491427387446959
0.273239687474602	0.0608285591105441
-0.816644514613805	0.316343562736204
-3.0364286302918	1.17916113242401
0.257269997250402	0.0712750028849848
1.35032120548746	0.731109255757658
-0.560203044429915	0.191205786230639
2.43480098752263	1.36390325337588
0.775488086228869	0.267392388677883
3.61176026589059	1.84328671196905
-0.46563806002191	0.119060414236261
0.766594908453841	0.349098134104038
-0.549308493907484	0.188387084300348
0.328334953161393	0.139106094395401
1.8455549604237	0.794644018180083
1.4735386231173	0.713847675345113
1.00908470017421	0.300771436124191
0.764068197128287	0.264107534467804
1.69301566168863	1.51990928601323
1.35079087238014	0.72957715596839
0.741385878816676	0.336602445463798
0.710906239947928	0.279851183820594
1.44140129396519	0.68377010447057
-0.804948577231851	0.312111395290025
2.96855095188005	1.21030658406815
-0.550385033330481	0.188464633835418
0.70521680947537	0.278954150642545
1.75914458324229	0.9674667298473
1.05478971051384	0.557224545674336
-0.0246877838075592	0.0078465235332825
-1.6143453702159	0.659154369026901
-0.587422795250273	0.249419646833888
0.283574943105613	0.0922308106929177
2.16560717644384	1.06856913080092
-0.209509283593418	0.0609885444359202
1.14164280904223	0.472943654061841
2.68129925130839	1.66117294580667
2.97788714116164	1.2168188483315
1.48825553300735	0.721542803589546
1.75094005932482	0.542463345063606
1.15440067582344	0.479654806623859
0.762213183555569	0.2656278755001
0.745284932576243	0.258196426604802
3.1580571570573	2.36705397193135
2.90536887892014	1.96075874685996
1.00209716595288	0.29812431681554
2.9778159226856	1.20844922023267
1.06457703199399	0.493836494357915
-0.282437889411702	0.100017360076589
-0.218656241927808	0.0636318639676753
0.40898816572751	0.153830926779468
-1.32904905160696	0.487071732573881
0.301428797026027	0.0984483587716353
-0.211538602697741	0.06164579796967
2.49735614452642	0.88955465157768
0.730295782541872	0.328256996010658
-0.0272856328318291	0.00859660134714883
0.337381348963339	0.142576397189491
0.268440944754134	0.0601502518751147
-0.973633055724231	0.303568665047153
0.152631323270581	0.0558128330221749
2.44381699676598	1.35726420547343
2.0115566399408	1.24230776534373
-0.272850064927008	0.0964475891203863
1.02941260282899	0.480246356979108
1.75555893446021	0.542743073230609
0.302446808556839	0.0983234165005489
1.85770901370383	0.800232386358482
0.772775007888165	0.266875034271327
1.47056197523306	0.536896700968019
1.75094005932482	0.542463345063606
1.44869725600089	0.693815908995972
1.05203247660162	0.554659192861175
0.274721746302185	0.0894766110197874
0.756100605147737	0.262575178415465
0.530200316895016	0.231772127075805
2.41245946877521	1.33554133900993
1.06097130255821	0.499799611794013
0.377161832633138	0.142127206612763
-0.538585278708605	0.184304860651487
1.46934499189425	0.539571406942675
1.75555893446021	0.542743073230609
0.745284932576243	0.258196426604802
0.70265565743599	0.274825539951931
0.35715934150814	0.151720924385307
1.3578730107437	0.737315914287436
-0.839056150115858	0.324119702120734
-0.212103075621267	0.0620931013303829
1.1694340088826	0.912549388810745
-0.214359681397273	0.0627497503628479
0.542261310625435	0.238634223094754
1.00883136640891	0.298702509318937
1.48368879487586	0.546240604336868
-0.970877917813377	0.304226192382739
1.14735251211463	0.475461079162806
0.309643331530284	0.100495274305449
0.307023728257561	0.100322089542507
-3.05399826584847	1.18610933890282
-0.468879795408661	0.120207845741076
0.263928053364022	0.0729865177858496
-0.216644559273176	0.0628534457685442
0.697901186132207	0.276933520489296
-0.540668033763429	0.184616101840335
-2.16895042965372	0.666392355375991
0.387386138426923	0.146569762226677
1.75094005932482	0.542463345063606
-0.586227380828162	0.247943673181688
-0.562639015256035	0.192306957106469
0.753954041313028	0.261827418871127
-1.95515324835238	0.936332843103642
2.16825102314821	1.06042886008419
-0.158467666417553	0.0609137153317027
0.286349323876603	0.0932339786802119
0.277766387658151	0.0615612664994032
1.47266877947259	0.534147786094787
-0.815156693109738	0.313568895700591
1.47295542526098	0.54086598868393
-0.965298882610027	0.302096315932842
-0.974745276737089	0.306451457008312
0.738218129078474	0.332723330617091
0.275505702111265	0.07561448078092
2.66785348539368	1.64607600852188
-0.460554696836458	0.11789676374043
0.755973044491222	0.262550605156726
0.499728495831355	0.243182021945808
1.13559343965082	0.469980440951166
0.531344255554755	0.232880002014271
0.756830910412737	0.340558814779324
4.11190599296806	2.51543172958119
1.83684664657014	0.791928760020377
2.49522710447058	0.890017702653776
1.87763231395464	1.29445783783746
0.703860868864334	0.279484044439718
3.32557352322832	1.5321480220701
-0.469011575052263	0.120048341312767
0.747561998017627	0.258693874811809
-0.559185900829519	0.191222295517433
1.06142539409243	0.563126423561257
0.758895169054083	0.344102001817779
0.356618905070032	0.151891724223741
-0.805451894988957	0.310234497552761
0.317769858707923	0.102742240322623
0.741682847083441	0.255615224582189
-0.912288971050129	0.460651669467244
1.47303771126458	0.540865931496221
-1.81571115021485	0.818677398527626
-2.10049971757602	1.07445607549251
1.85162090348127	0.805916351154778
-1.32580268257177	0.482404920195364
1.47088516432864	0.713245228598679
2.49032965257094	0.884837195328046
-2.16651097019495	0.662650493054776
2.96343053003818	1.2012377173745
0.904884116487505	0.519409319275867
1.63018266015613	1.00619830876073
-0.0392550448361038	0.0117596659003884
0.38479740435922	0.145361832718619
-1.35108967649153	0.490889893380423
1.63149026610405	1.00448035404304
0.267807866218441	0.0736553839280068
0.637226442595591	0.35419014626566
1.48081716176697	0.721424931262569
-0.460554696836458	0.11789676374043
0.807592098724376	0.408124368416836
1.62927904403508	1.00139792398855
1.13921433581837	0.472034230799777
1.82446841771796	0.783834257462936
0.364272527125126	0.172584193257795
0.149518798121486	0.0544295239844104
4.11565045982556	2.49804844476202
-0.0493138003624817	0.0143652641121259
0.855046173321235	0.441430564734565
-0.689951337479276	0.310396685445211
2.98101571279781	1.21185944436985
-1.32956001305386	0.487832859162331
-2.2366280450922	1.19241688006459
0.275425355065089	0.0755984844815436
-0.960466901601334	0.299969286263495
0.734609766416728	0.328772342865598
-0.0299504411523733	0.00936476888788713
2.0854259646911	1.59198734461673
1.75100822676203	0.962729962926085
-0.0371165700039973	0.0109560236736672
0.385086739302986	0.14554045375172
1.36831368672093	0.741986707973617
0.268440944754134	0.0601502518751147
1.75555893446021	0.542743073230609
0.766505644205962	0.26611626095563
0.652039672702857	0.324777388616829
0.357061759536157	0.152503117007856
2.44905562849753	1.36394407195907
1.01420492883892	0.301808154798092
1.14003606762622	0.474621612430641
-0.465029890470255	0.118711392244926
1.13922803072246	0.471474154289811
0.291899695946208	0.0947920895053933
-0.201683094838766	0.05933713675223
0.991537410005855	0.294753147188354
0.299632288175813	0.0980770463475931
0.751900945667524	0.25922251033664
1.8454248882722	0.799787056747286
1.48149694115442	0.542806343888936
-0.256400802594477	0.0903916574275783
1.00914991727315	0.300778774375186
0.382984959049171	0.145330151582903
2.7091422225422	1.68177477916705
0.398821948966736	0.152271485839162
1.85334605068982	0.796706562910458
0.191442729930829	0.0686782322980287
-0.227387719307072	0.0657005724368343
-0.0162588578793603	0.00552273112823636
-0.207800766700684	0.0610236709279288
-0.965298882610027	0.302096315932842
0.769076095892583	0.266736179180621
2.97575625753571	1.21723443475527
2.96343053003818	1.2012377173745
0.268440944754134	0.0601502518751147
0.288247119616889	0.0944690127206599
-0.460554696836458	0.11789676374043
0.27095510345299	0.0605888447038924
1.14792376702227	0.477377095281396
0.753954041313028	0.261827418871127
-0.018635205232666	0.00617830170406389
-0.016720863092794	0.00549537638813525
-1.58699611538187	0.650504214897301
0.264868094309893	0.0731706553941453
0.745919171103205	0.340080667411497
3.15391672450822	2.3735239037561
2.69793114958627	1.67221814592852
-0.210063224848906	0.0616798300014583
0.37753185800933	0.160510082204334
-0.559185900829519	0.191222295517433
2.98101571279781	1.21185944436985
0.300023440006679	0.0976841805350157
1.61581741625253	0.989551032183023
0.253331475692477	0.0702795703356221
0.18153900526481	0.0660324666328859
-2.65131838028963	0.914527552721024
-0.271271825295622	0.111657176628818
0.304047948939708	0.0991565568228812
0.273314822748713	0.0751784374223357
-0.801469788734896	0.31070149982615
1.01080667983736	0.300589955859482
-0.5553461106301	0.189689397442898
-3.54004624630385	1.62824781811408
0.716137448000334	0.28327959685539
-0.812919189896011	0.314429152749096
-0.222938226392301	0.064931134676413
-3.01616855564051	1.16671235390411
1.021569746301	0.471656861178147
0.413218072032016	0.156638771372005
-0.040994574922569	0.0122989774969714
0.27095510345299	0.0605888447038924
-0.207800766700684	0.0610236709279288
-0.0268886128915526	0.0108725640049202
-0.0257365326876142	0.00819190475795907
0.311225264508988	0.101237248384147
0.311280662781268	0.100914995400489
-0.419197970526999	0.162381176948195
-1.60699669935676	0.661766396793062
0.273314822748713	0.0751784374223357
-0.468879795408661	0.120207845741076
0.836083302725245	0.431622041571719
-0.0120609103808846	0.00435028088738155
-2.66490100599406	0.921611522806606
-1.60829665675393	0.661039209371885
-1.00491496974655	0.42835130513958
1.0571999875479	0.495408257107459
-1.12858353795203	0.51092219672172
0.395510135051563	0.149316195910959
0.706332996375359	0.280700230387157
-1.00515125167071	0.429293078419696
-1.14939542379826	0.523904794173455
0.311455724227594	0.101497732390634
0.412759098495107	0.154678249241375
-0.208888861993101	0.0608810484824375
-0.90657042376295	0.461161842742817
0.759889000655271	0.346281977139009
0.403201084318399	0.151597037685798
0.766505644205962	0.26611626095563
0.392040462949763	0.148819352623643
0.170162403881226	0.0618309486350384
0.700044810291253	0.276081147612216
1.46442177031572	0.709419302092813
1.75555893446021	0.542743073230609
0.539888215576181	0.235934120529838
-0.0361540813659629	0.0110017801304805
0.261917021051822	0.0718048587577207
-0.0120609103808846	0.00435028088738155
3.31998296069723	1.52103682515885
-1.33670566196873	0.488650716208716
-0.458561996188165	0.117478203751225
0.152572947696621	0.0560637880398594
-3.89677754802934	1.99567602230204
1.83852507615386	0.795344500967158
-0.273526936220481	0.0963843831272784
0.311280662781268	0.100914995400489
0.755165134921401	0.260484815652347
2.97059711612895	1.20991308135464
-1.58883249348253	0.651749270107161
1.62483233784028	1.00111414881499
0.705458812147134	0.280590162380551
0.277766387658151	0.0615612664994032
0.00266946824379984	0.000734748185521286
1.75770766552808	0.543018781716696
0.843520246927819	0.568952470611761
0.763466199789145	0.34214886071046
1.09996543892516	0.649953324872277
0.747765440349247	0.337359946138735
2.42053673987801	1.34456207847332
-0.20978109246985	0.0611324264149501
0.302446808556839	0.0983234165005489
-0.0208807063726535	0.00671827550206532
1.15667051662972	0.475861773320936
2.02221145316849	1.25138818300289
1.36386255962246	0.73455828566369
1.12306107735109	0.667361825497965
-0.514446731679669	0.278257082194126
-0.5722658212057	0.195517898663667
2.32038286430996	1.96575673252489
1.49337645266854	0.540891649481234
0.728319688470629	0.325733984872207
0.0722276663331546	0.0291477256102907
3.32779879810264	1.52207681058344
2.15728376447347	1.06806466912847
1.75764050257383	0.543004073369426
0.661544270476071	0.333315930854166
0.840302509355207	0.532849845397964
0.648399438831087	0.324544167812979
0.292655541946973	0.0955488122965251
-0.459369967684373	0.17871451826851
0.250161376666627	0.1160360081757
1.32547684315201	0.705461144253454
0.762607474245509	0.345019865273655
-0.228395886948761	0.0662068100170526
0.171210035182763	0.0618355324741156
-0.0143509704678537	0.00638028320154785
0.311225264508988	0.101237248384147
0.355838244839319	0.151859381895901
1.07127180361221	0.499033932341689
-0.792150769563314	0.377547331591476
-0.199897904394228	0.0584333026619929
-0.820282502835837	0.393772670268238
2.15260446548481	1.06963547463901
-0.567892824971039	0.194798539088202
-2.3752178789279	1.36504634454526
0.232856573986761	0.1075283151099
0.512404879815673	0.222413139567316
0.149499482663782	0.0548884406415757
0.296138957488666	0.0959919565559137
0.277766387658151	0.0615612664994032
0.00506341715446033	0.00163162845779966
1.06023904054257	0.559641485952824
1.04869745034987	0.550068637122365
0.702551826630884	0.279492837422687
0.510690058025371	0.222249431761851
-1.27189692473801	0.620424021720664
-0.0110815442640196	0.00347870107768464
1.55891406913238	1.05884766629902
0.281944191890307	0.0921562463252604
0.395889779772563	0.150537549384383
0.854312272302095	0.440470552499511
2.07831013683595	1.5741440978177
0.0448008251482629	0.0193096863382409
-0.150088373522321	0.0574140620692838
0.818609922960508	0.420549337239834
1.48734698326934	0.546397404015484
-0.197319814042216	0.0579846818220554
0.772775007888165	0.266875034271327
1.32752697580247	0.708808151172133
0.205613127936854	0.0850507480391752
0.0690616207341126	0.0278485108381253
0.499560962385238	0.243894710803651
0.0790726704206045	0.0315875468078893
0.63539797643404	0.353294338586306
0.0944621555848942	0.037716849799311
3.13518985638513	2.34688593786455
-0.279186304781836	0.0987208091249154
0.653736254543362	0.32770310696049
0.203769173683325	0.0833965846629966
0.939362571387553	0.546206780751423
-0.271588067421537	0.0965239551547371
2.18592200022401	2.62949362725512
-0.585605900269803	0.2458160289622
-0.14976685534728	0.0576531980519146
1.73353660194488	1.43902365769784
0.764781664844547	0.266248081952875
1.05631585404346	0.821730694298058
0.573615090442717	0.34242429614474
-0.0175216171724678	0.00752470955253638
-0.0251077798888349	0.00866279255025614
2.0422339394296	1.99121689652742
-0.680683942084276	0.359490097964599
1.29744812546364	1.10716449381275
1.07006282333275	0.568690420115446
-0.0149857149853704	0.0046562635016213
0.00547648614367066	0.00131404793162253
0.894635383050444	0.513538989483361
0.313218343292098	0.101744964096387
0.364085576502365	0.155039111332091
0.862360505035497	0.443783118222589
-0.958711195066754	0.30038498118682
2.29972383350133	1.58620713849373
-1.62049501822558	0.65629121528302
0.731811892992031	0.489654743548641
0.946547930193173	0.81472800412993
0.75587318629688	0.429306863682537
0.12457610438821	0.0558185744484748
-0.576957501575224	0.243784831698298
0.0438982595783044	0.0188351116626799
1.46442177031572	0.709419302092813
1.35794799804564	0.736482633580351
0.844479702504363	0.435384865419324
2.43603848573258	1.34052926522836
0.665070593398324	0.33538946527536
0.313845894647273	0.101945438964464
-1.02545531814251	0.431855521392581
-0.952750368493599	0.297147305430745
-0.150987983108644	0.064995076454049
0.762118689301515	0.433021789216297
0.277064429728852	0.076151098582181
-0.203481604695142	0.0594134106037489
-0.476075003446889	0.121641469843007
-0.118989032334975	0.0608835172724002
1.33535499482668	0.897196626407501
1.74374936312342	1.45738590219577
2.29694404703789	1.92722990134545
0.741476676098476	0.332681578725774
0.731011431266629	0.409829119692301
1.35024135803135	0.729290282038013
-0.800052306144376	0.309040168417452
0.764911639470832	0.264720656206304
0.399155721849692	0.151572504270233
-1.59338888897663	0.655055015537631
0.180993484477938	0.0657403148779325
-1.00530202249686	0.428205736298546
-0.284210284217909	0.117709433893779
-0.443274975674419	0.232094615613103
0.270645646408855	0.138018006476241
0.330323509418998	0.140268191304592
0.372755614631317	0.140894449404105
0.964622383094241	0.618015977756408
0.655589097860609	0.3312851482585
0.392386617416602	0.148843127923206
-0.147614619659445	0.0566097537234246
0.197954223443945	0.0814677135871664
0.76227844536805	0.432447331906884
2.16056536285543	1.98838534447687
0.58241697181818	0.347379845887376
0.609705418479903	0.337429121532369
0.730809912347406	0.491184865428701
0.703104774598061	0.277584635660241
0.696142928442921	0.275545372227527
1.03615137311026	0.484188099554282
1.1624822117513	0.964979890402352
0.3742272435565	0.195995905489021
-1.79347048550069	0.803677211524312
0.47151506824445	0.275200638156847
1.13309409622639	1.20980561192312
0.707437524104434	0.43711291747156
-0.699369050610513	0.316507029988708
0.576409690741679	0.403770168727283
0.41158390560883	0.253907860775941
0.0837108137952422	0.0333839099884066
0.348809785128802	0.165057804182274
0.00310869922219977	0.000694173750947938
0.564144916883093	0.335410301690908
1.52727724113281	1.25146977012014
1.09990570871028	0.653637004928664
0.466811157435267	0.314221732145983
1.18320592073234	0.858982577186794
0.703257495823727	0.71715704859368
1.02907478103711	0.782480215399842
0.429476323142715	0.264568534213313
-0.0227232565403485	0.00931515165805485
0.584584038154599	0.351076293089668
0.0334487178494136	0.0144664011711452
0.667805916328874	0.334882220523406
1.09111865721539	0.912868720915728
-0.0333971388029324	0.0104580318874174
-0.0327851465401462	0.0133109488471376
0.258851950788375	0.13165382203367
0.792880220133728	0.576093043789228
0.597486939199465	0.447180143193071
-0.102306866103937	0.0461873087377783
-0.515763197646491	0.319110240465314
-0.672070508513067	0.55984096752288
0.660923302947979	0.591555205087746
0.618063801169996	0.403003889681607
0.367612613830717	0.192512989129014
0.779832874600249	0.446777355884845
0.170262166994532	0.0619197761915552
-0.0260172611547485	0.0125345820815883
-0.266450057538589	0.137140696900467
0.485460829473883	0.261014971139276
0.174684505915422	0.0635546187497414
0.533940833506069	0.41262352639754
